Date	Open	High	Low	Close	Volume	Adj Close
2012-12-10	5914.40	5948.50	5891.30	5945.90	536758100	5945.90
2012-12-03	5866.80	5923.90	5852.90	5914.40	588544800	5914.40
2012-11-26	5819.10	5904.40	5755.20	5866.80	644677400	5866.80
2012-11-19	5605.60	5830.50	5605.60	5819.10	626394500	5819.10
2012-11-12	5769.70	5795.30	5605.60	5605.60	841981300	5605.60
2012-11-05	5868.50	5921.80	5715.20	5769.70	740919800	5769.70
2012-10-29	5806.70	5890.10	5763.50	5868.50	721869500	5868.50
2012-10-22	5896.10	5911.00	5753.30	5806.70	685988500	5806.70
2012-10-15	5793.30	5928.30	5786.00	5896.10	837313200	5896.10
2012-10-08	5871.00	5871.00	5766.70	5793.30	666110400	5793.30
2012-10-01	5742.10	5885.60	5738.60	5871.00	740501600	5871.00
2012-09-24	5852.60	5869.20	5740.50	5742.10	691278400	5742.10
2012-09-17	5915.50	5915.70	5824.40	5852.60	812399500	5852.60
2012-09-10	5794.80	5932.60	5757.60	5915.50	976984700	5915.50
2012-09-03	5711.50	5807.60	5634.90	5794.80	828040900	5794.80
2012-08-28	5776.60	5779.50	5705.60	5711.50	595001900	5711.50
2012-08-20	5852.40	5872.60	5739.40	5776.60	571290000	5776.60
2012-08-13	5847.10	5876.20	5811.30	5852.40	583850700	5852.40
2012-08-06	5787.30	5860.20	5767.10	5847.10	637924400	5847.10
2012-07-30	5627.20	5794.00	5625.70	5787.30	680635200	5787.30
2012-07-23	5651.80	5651.80	5478.00	5627.20	682934400	5627.20
2012-07-16	5666.10	5718.60	5621.20	5651.80	703694500	5651.80
2012-07-09	5662.60	5688.70	5588.80	5666.10	635515600	5666.10
2012-07-02	5571.10	5727.50	5571.10	5662.60	662013600	5662.60
2012-06-25	5513.70	5619.60	5435.50	5571.10	823234900	5571.10
2012-06-18	5478.80	5623.90	5461.10	5513.70	813097000	5513.70
2012-06-11	5435.10	5536.30	5414.60	5478.80	1214540700	5478.80
2012-06-06	5260.20	5494.50	5260.20	5435.10	1031025000	5435.10
2012-05-28	5351.50	5413.80	5229.80	5260.20	915264600	5260.20
2012-05-21	5267.60	5408.60	5253.90	5351.50	863488000	5351.50
2012-05-14	5575.50	5575.60	5256.60	5267.60	982454800	5267.60
2012-05-08	5655.10	5668.10	5464.40	5575.50	919993600	5575.50
2012-04-30	5777.10	5819.90	5639.80	5655.10	845073100	5655.10
2012-04-23	5772.10	5789.00	5637.70	5777.10	827687300	5777.10
2012-04-16	5651.80	5792.10	5641.10	5772.10	928590100	5772.10
2012-04-10	5723.70	5727.90	5576.40	5651.80	1022561800	5651.80
2012-04-02	5768.50	5890.20	5663.30	5723.70	966446900	5723.70
2012-03-26	5854.90	5941.90	5726.50	5768.50	997423600	5768.50
2012-03-19	5965.60	5968.90	5801.70	5854.90	913738800	5854.90
2012-03-12	5887.50	5989.10	5860.40	5965.60	1120484400	5965.60
2012-03-05	5911.10	5911.10	5755.70	5887.50	882124000	5887.50
2012-02-27	5935.10	5944.80	5858.90	5911.10	927409700	5911.10
2012-02-20	5905.10	5964.00	5894.60	5935.10	905715100	5935.10
2012-02-13	5852.40	5923.80	5829.40	5905.10	826230300	5905.10
2012-02-06	5901.10	5916.30	5839.90	5852.40	869065000	5852.40
2012-01-30	5733.50	5901.10	5651.60	5901.10	982885700	5901.10
2012-01-23	5728.50	5806.20	5694.00	5733.50	863605800	5733.50
2012-01-16	5636.60	5749.80	5609.90	5728.50	1083387900	5728.50
2012-01-09	5649.70	5711.90	5583.50	5636.60	1050132600	5636.60
2012-01-03	5572.30	5719.80	5572.30	5649.70	744941100	5649.70
2011-12-28	5512.70	5588.40	5491.00	5572.30	321466400	5572.30
2011-12-19	5387.30	5516.60	5328.70	5512.70	607558500	5512.70
2011-12-12	5529.20	5529.20	5366.80	5387.30	902239900	5387.30
2011-12-05	5552.30	5631.90	5440.90	5529.20	887892000	5529.20
2011-11-28	5164.60	5595.50	5164.60	5552.30	1053717600	5552.30
2011-11-21	5362.90	5362.90	5075.20	5164.60	894182800	5164.60
2011-11-14	5545.40	5575.20	5347.90	5362.90	871339100	5362.90
2011-11-07	5527.20	5616.00	5360.20	5545.40	842271200	5545.40
2011-10-31	5702.20	5702.20	5338.40	5527.20	1176840500	5527.20
2011-10-24	5488.60	5747.30	5465.50	5702.20	923178400	5702.20
2011-10-17	5466.40	5543.70	5348.60	5488.60	745138400	5488.60
2011-10-10	5303.40	5501.40	5303.40	5466.40	734238400	5466.40
2011-10-03	5128.50	5370.90	4868.60	5303.40	977657900	5303.40
2011-09-26	5066.80	5314.30	4974.00	5128.50	871318000	5128.50
2011-09-19	5368.40	5377.40	4928.10	5066.80	881592800	5066.80
2011-09-12	5214.60	5406.10	5059.20	5368.40	1120255100	5368.40
2011-09-05	5292.00	5369.80	5086.80	5214.60	909046500	5214.60
2011-08-30	5129.90	5449.70	5129.90	5292.00	972858500	5292.00
2011-08-22	5040.80	5254.20	4993.30	5129.90	967414000	5129.90
2011-08-15	5320.00	5377.20	4929.50	5040.80	966648100	5040.80
2011-08-08	5247.00	5320.00	4791.00	5320.00	1548970400	5320.00
2011-08-01	5815.20	5913.50	5202.60	5247.00	1286238100	5247.00
2011-07-25	5935.00	5951.30	5772.40	5815.20	764706600	5815.20
2011-07-18	5843.70	5966.80	5752.80	5935.00	917334900	5935.00
2011-07-11	5990.60	5998.60	5793.00	5843.70	836309800	5843.70
2011-07-04	5989.80	6084.10	5973.80	5990.60	711841600	5990.60
2011-06-27	5697.70	5999.00	5679.60	5989.80	929666600	5989.80
2011-06-20	5714.90	5789.10	5647.20	5697.70	836112900	5697.70
2011-06-13	5765.80	5822.60	5644.40	5714.90	903494500	5714.90
2011-06-06	5855.00	5890.60	5758.30	5765.80	786608300	5765.80
2011-05-31	5938.90	6010.00	5802.70	5855.00	904951400	5855.00
2011-05-23	5948.50	5951.40	5810.50	5938.90	884713000	5938.90
2011-05-16	5925.90	6017.60	5860.60	5948.50	778732700	5948.50
2011-05-09	5976.80	6040.20	5882.40	5925.90	807136100	5925.90
2011-05-03	6069.90	6103.70	5871.60	5976.80	1143030200	5976.80
2011-04-26	6018.30	6091.80	6007.00	6069.90	667330300	6069.90
2011-04-18	5996.00	6049.40	5858.30	6018.30	735899100	6018.30
2011-04-11	6055.80	6070.80	5943.80	5996.00	712025400	5996.00
2011-04-04	6009.90	6066.40	5987.70	6055.80	705258600	6055.80
2011-03-28	5900.80	6014.80	5879.90	6009.90	804709500	6009.90
2011-03-21	5718.10	5918.70	5718.10	5900.80	770706200	5900.80
2011-03-14	5828.70	5842.00	5591.60	5718.10	1107251800	5718.10
2011-03-07	5990.40	6043.10	5796.40	5828.70	787524000	5828.70
2011-02-28	6001.20	6052.10	5865.90	5990.40	857198700	5990.40
2011-02-21	6083.00	6105.80	5861.00	6001.20	814463600	6001.20
2011-02-14	6062.90	6101.40	6023.80	6083.00	839319700	6083.00
2011-02-07	5997.40	6091.30	5973.40	6062.90	824529400	6062.90
2011-01-31	5881.40	6023.40	5815.40	5997.40	915335600	5997.40
2011-01-24	5896.30	6003.30	5877.90	5881.40	924672900	5881.40
2011-01-17	6002.10	6077.10	5867.30	5896.30	902783200	5896.30
2011-01-10	5984.30	6055.50	5939.90	6002.10	865503100	6002.10
2011-01-04	5899.90	6090.50	5899.90	5984.30	865550400	5984.30
2010-12-29	6008.90	6021.50	5899.90	5899.90	259628600	5899.90
2010-12-20	5871.80	6008.90	5865.50	6008.90	397233300	6008.90
2010-12-13	5813.00	5907.10	5812.90	5871.80	815401400	5871.80
2010-12-06	5745.30	5850.40	5728.50	5813.00	800915800	5813.00
2010-11-29	5668.70	5784.30	5519.20	5745.30	1060197800	5745.30
2010-11-22	5732.80	5783.10	5573.30	5668.70	826117700	5668.70
2010-11-15	5796.90	5832.90	5659.60	5732.80	743193200	5732.80
2010-11-08	5875.40	5902.10	5711.70	5796.90	948569400	5796.90
2010-11-01	5675.20	5899.40	5667.40	5875.40	891919400	5875.40
2010-10-25	5741.40	5794.30	5630.90	5675.20	795308400	5675.20
2010-10-18	5703.40	5786.70	5670.10	5741.40	748430600	5741.40
2010-10-11	5657.60	5770.90	5597.50	5703.40	842643300	5703.40
2010-10-04	5592.90	5707.30	5550.60	5657.60	837073200	5657.60
2010-09-27	5598.50	5650.30	5506.10	5592.90	818211000	5592.90
2010-09-20	5508.50	5635.70	5471.70	5598.50	761441900	5598.50
2010-09-13	5501.60	5612.90	5501.60	5508.50	895687100	5508.50
2010-09-06	5428.10	5511.50	5361.40	5501.60	758901100	5501.60
2010-08-31	5201.60	5454.00	5129.70	5428.10	931157200	5428.10
2010-08-23	5195.30	5268.40	5070.90	5201.60	757953700	5201.60
2010-08-16	5275.40	5351.50	5160.40	5195.30	722589000	5195.30
2010-08-09	5332.40	5418.60	5210.50	5275.40	891615500	5275.40
2010-08-02	5258.00	5416.80	5258.00	5332.40	1038579700	5332.40
2010-07-26	5312.60	5411.50	5245.50	5258.00	1079737900	5258.00
2010-07-19	5158.90	5328.50	5090.60	5312.60	875830100	5312.60
2010-07-12	5132.90	5287.30	5128.60	5158.90	851360400	5158.90
2010-07-05	4838.10	5150.60	4821.10	5132.90	902497700	5132.90
2010-06-28	5046.50	5085.60	4790.00	4838.10	1104150900	4838.10
2010-06-21	5250.80	5331.50	5031.70	5046.50	1006310400	5046.50
2010-06-14	5163.70	5293.80	5149.10	5250.80	1129371100	5250.80
2010-06-07	5126.00	5184.40	4984.70	5163.70	1132800000	5163.70
2010-06-01	5188.40	5262.50	5063.20	5126.00	1230821500	5126.00
2010-05-24	5062.90	5240.30	4898.50	5188.40	1488623700	5188.40
2010-05-17	5262.90	5341.40	4957.10	5062.90	1483249200	5062.90
2010-05-10	5123.00	5436.00	5123.00	5262.90	1516280000	5262.90
2010-05-04	5553.30	5566.00	5045.30	5123.00	2048248400	5123.00
2010-04-26	5723.60	5800.70	5533.60	5553.30	1407105600	5553.30
2010-04-19	5744.00	5797.00	5652.40	5723.60	874544000	5723.60
2010-04-12	5771.00	5833.70	5726.40	5744.00	959869300	5744.00
2010-04-06	5744.90	5790.40	5684.50	5771.00	799870600	5771.00
2010-03-29	5703.00	5744.90	5646.30	5744.90	964999400	5744.90
2010-03-22	5650.10	5737.10	5583.50	5703.00	1021128400	5703.00
2010-03-15	5625.60	5691.20	5588.20	5650.10	1209166500	5650.10
2010-03-08	5599.80	5646.70	5563.10	5625.60	1002917800	5625.60
2010-03-01	5354.50	5605.40	5354.50	5599.80	1166736400	5599.80
2010-02-22	5358.20	5395.50	5259.70	5354.50	1327817100	5354.50
2010-02-15	5142.50	5366.10	5142.50	5358.20	1066265900	5358.20
2010-02-08	5060.90	5207.70	5033.00	5142.50	1334623000	5142.50
2010-02-01	5188.50	5305.40	5033.80	5060.90	1372120400	5060.90
2010-01-25	5303.00	5330.60	5145.70	5188.50	1177851800	5188.50
2010-01-18	5455.40	5531.90	5253.00	5303.00	1216849700	5303.00
2010-01-11	5534.20	5600.50	5450.40	5455.40	1077763900	5455.40
2010-01-04	5412.90	5551.70	5410.80	5534.20	1014507800	5534.20
2009-12-29	5402.40	5445.20	5390.40	5412.90	302488300	5412.90
2009-12-21	5196.80	5402.40	5196.80	5402.40	515483600	5402.40
2009-12-14	5261.60	5335.30	5196.80	5196.80	1220362900	5196.80
2009-12-07	5322.40	5328.80	5175.70	5261.60	1134190800	5261.60
2009-11-30	5245.70	5373.90	5190.70	5322.40	1398890800	5322.40
2009-11-23	5251.40	5379.50	5103.80	5245.70	1100378400	5245.70
2009-11-16	5296.40	5397.00	5224.00	5251.40	961077800	5251.40
2009-11-09	5142.70	5304.90	5142.70	5296.40	973185100	5296.40
2009-11-02	5044.50	5159.00	4985.10	5142.70	1077190600	5142.70
2009-10-26	5242.60	5281.10	5024.40	5044.50	1310195600	5044.50
2009-10-19	5190.20	5299.60	5166.50	5242.60	1009162800	5242.60
2009-10-12	5161.90	5272.90	5154.10	5190.20	1081418200	5190.20
2009-10-05	4988.70	5172.80	4976.90	5161.90	1003718600	5161.90
2009-09-28	5082.20	5190.00	4955.00	4988.70	1099632000	4988.70
2009-09-21	5172.90	5189.90	5073.40	5082.20	982591800	5082.20
2009-09-14	5011.50	5183.90	4953.70	5172.90	1069515800	5172.90
2009-09-07	4851.70	5038.80	4851.70	5011.50	980685500	5011.50
2009-09-01	4908.90	4921.20	4776.50	4851.70	1082524100	4851.70
2009-08-24	4850.90	4944.20	4850.90	4908.90	967253500	4908.90
2009-08-17	4714.00	4858.50	4610.30	4850.90	914638900	4850.90
2009-08-10	4731.60	4790.20	4631.70	4714.00	969053100	4714.00
2009-08-03	4608.40	4743.60	4595.60	4731.60	1274660600	4731.60
2009-07-27	4576.60	4646.90	4512.10	4608.40	1003481800	4608.40
2009-07-20	4388.80	4603.20	4388.80	4576.60	1042782900	4576.60
2009-07-13	4127.20	4411.90	4096.10	4388.80	924103200	4388.80
2009-07-06	4236.30	4242.10	4123.50	4127.20	899120000	4127.20
2009-06-29	4241.00	4353.00	4221.20	4236.30	1147454200	4236.30
2009-06-22	4345.90	4345.90	4213.40	4241.00	1082303200	4241.00
2009-06-15	4442.00	4442.00	4239.70	4345.90	1273276100	4345.90
2009-06-08	4438.60	4505.90	4370.50	4442.00	1091461900	4442.00
2009-06-01	4417.90	4517.60	4359.30	4438.60	1156379000	4438.60
2009-05-26	4365.30	4469.40	4295.00	4417.90	979593200	4417.90
2009-05-18	4348.10	4512.70	4307.70	4365.30	1180482200	4365.30
2009-05-11	4462.10	4470.00	4295.20	4348.10	1218322200	4348.10
2009-05-05	4243.20	4520.80	4243.20	4462.10	1607745500	4462.10
2009-04-27	4156.00	4293.60	4058.70	4243.20	1037473500	4243.20
2009-04-20	4092.80	4156.00	3897.30	4156.00	1272063800	4156.00
2009-04-14	3983.70	4114.30	3939.60	4092.80	1347412600	4092.80
2009-04-06	4029.70	4097.20	3876.10	3983.70	1127087800	3983.70
2009-03-30	3898.90	4137.90	3762.90	4029.70	1408955000	4029.70
2009-03-23	3842.90	3992.40	3842.90	3898.90	1416108300	3898.90
2009-03-16	3753.70	3912.60	3753.70	3842.90	1546964900	3842.90
2009-03-09	3530.70	3816.00	3460.70	3753.70	1507546600	3753.70
2009-03-02	3830.10	3830.10	3492.10	3530.70	1487358800	3530.70
2009-02-23	3889.10	3960.00	3760.70	3830.10	1399773900	3830.10
2009-02-16	4189.60	4189.60	3877.80	3889.10	1149261600	3889.10
2009-02-09	4291.90	4334.00	4135.10	4189.60	1210250800	4189.60
2009-02-02	4149.60	4330.70	4036.90	4291.90	1168219800	4291.90
2009-01-26	4052.50	4317.60	4039.40	4149.60	1483101700	4149.60
2009-01-19	4147.10	4251.90	3956.70	4052.50	1830789700	4052.50
2009-01-12	4448.50	4471.30	4090.90	4147.10	1138366100	4147.10
2009-01-05	4561.80	4675.70	4410.50	4448.50	967667100	4448.50
2008-12-29	4216.60	4561.80	4216.60	4561.80	380162000	4561.80
2008-12-22	4286.90	4307.10	4205.20	4216.60	511138200	4216.60
2008-12-15	4280.40	4352.70	4200.70	4286.90	1122484700	4286.90
2008-12-08	4049.40	4430.30	4049.40	4280.40	1120695500	4280.40
2008-12-01	4288.00	4288.00	3973.30	4049.40	1243475000	4049.40
2008-11-24	3781.00	4288.00	3781.00	4288.00	1286698500	4288.00
2008-11-17	4233.00	4236.40	3734.10	3781.00	1398482600	3781.00
2008-11-10	4365.00	4524.90	4079.60	4233.00	1301072500	4233.00
2008-11-03	4377.30	4639.50	4260.30	4365.00	1371665200	4365.00
2008-10-27	3883.40	4383.90	3665.20	4377.30	1540694900	4377.30
2008-10-20	4063.00	4347.70	3715.20	3883.40	1494191100	3883.40
2008-10-13	3932.10	4534.40	3808.10	4063.00	1944654100	4063.00
2008-10-06	4980.30	4980.30	3874.00	3932.10	2028345400	3932.10
2008-09-29	5088.50	5088.50	4671.00	4980.30	1539954200	4980.30
2008-09-22	5311.30	5339.30	5057.30	5088.50	1321718500	5088.50
2008-09-15	5416.70	5416.70	4857.10	5311.30	2134623200	5311.30
2008-09-08	5240.70	5524.80	5240.70	5416.70	1444334100	5416.70
2008-09-01	5636.60	5646.50	5227.60	5240.70	1254585100	5240.70
2008-08-26	5505.60	5649.10	5369.30	5636.60	1013303700	5636.60
2008-08-18	5454.80	5505.60	5311.40	5505.60	1002901200	5505.60
2008-08-11	5489.20	5569.20	5432.20	5454.80	1172870600	5454.80
2008-08-04	5354.70	5539.30	5299.70	5489.20	1446205200	5489.20
2008-07-28	5352.60	5456.10	5261.40	5354.70	1431532100	5354.70
2008-07-21	5376.40	5467.20	5282.80	5352.60	1813469100	5352.60
2008-07-14	5261.60	5376.40	5071.10	5376.40	1920931200	5376.40
2008-07-07	5412.80	5538.20	5261.60	5261.60	1476597700	5261.60
2008-06-30	5529.90	5625.90	5358.50	5412.80	1539826900	5412.80
2008-06-23	5620.80	5693.80	5470.90	5529.90	1540006000	5529.90
2008-06-16	5802.80	5930.30	5597.00	5620.80	1405701600	5620.80
2008-06-09	5906.80	5938.50	5708.30	5802.80	1561510600	5802.80
2008-06-02	6053.50	6074.50	5906.50	5906.80	1408181300	5906.80
2008-05-27	6087.30	6141.70	6041.10	6053.50	1417192100	6053.50
2008-05-19	6304.30	6377.00	6087.30	6087.30	1300409200	6087.30
2008-05-12	6204.70	6348.60	6142.30	6304.30	1044994200	6304.30
2008-05-06	6215.50	6275.00	6155.90	6204.70	1034346800	6204.70
2008-04-28	6091.40	6223.90	6035.80	6215.50	943163200	6215.50
2008-04-21	6056.50	6098.80	5951.90	6091.40	1171333200	6091.40
2008-04-14	5895.50	6086.40	5827.00	6056.50	1275431400	6056.50
2008-04-07	5947.10	6016.30	5866.10	5895.50	1059703600	5895.50
2008-03-31	5692.90	5948.00	5585.60	5947.10	1237578200	5947.10
2008-03-25	5495.20	5747.20	5495.20	5692.90	1482467400	5692.90
2008-03-17	5631.70	5653.60	5414.40	5495.20	1995886000	5495.20
2008-03-10	5699.90	5812.70	5595.80	5631.70	1533248700	5631.70
2008-03-03	5884.30	5884.30	5655.70	5699.90	1456738500	5699.90
2008-02-25	5888.50	6104.50	5859.30	5884.30	1425053700	5884.30
2008-02-19	5946.60	6033.70	5847.40	5888.50	1336798200	5888.50
2008-02-11	5784.00	5938.50	5681.50	5787.60	1297159300	5787.60
2008-02-04	6029.20	6071.30	5703.10	5784.00	1350386000	5784.00
2008-01-28	5869.00	6044.90	5689.40	6029.20	1436343900	6029.20
2008-01-21	5901.70	5973.30	5338.70	5869.00	2035120900	5869.00
2008-01-14	6202.00	6247.30	5856.80	5901.70	1672949000	5901.70
2008-01-07	6348.50	6399.60	6147.00	6202.00	1537553200	6202.00
2007-12-31	6476.90	6534.70	6333.20	6348.50	745749000	6348.50
2007-12-24	6434.10	6504.70	6431.20	6476.90	348885700	6476.90
2007-12-17	6397.00	6451.80	6251.80	6434.10	1217844600	6434.10
2007-12-10	6554.90	6610.90	6336.70	6397.00	1193878900	6397.00
2007-12-03	6432.50	6591.80	6289.30	6554.90	1266626800	6554.90
2007-11-26	6262.10	6455.80	6061.80	6432.50	1463548500	6432.50
2007-11-19	6291.20	6331.70	6026.90	6262.10	1344163500	6262.10
2007-11-12	6304.90	6465.40	6268.60	6291.20	1478646900	6291.20
2007-11-05	6530.60	6530.60	6268.90	6304.90	1582402000	6304.90
2007-10-29	6661.30	6726.90	6483.40	6530.60	1585024400	6530.60
2007-10-22	6527.90	6684.10	6413.40	6661.30	1779270400	6661.30
2007-10-15	6730.70	6751.70	6523.60	6527.90	1821356500	6527.90
2007-10-08	6595.80	6730.70	6527.50	6730.70	1873540800	6730.70
2007-10-01	6466.80	6605.10	6419.20	6595.80	1875459900	6595.80
2007-09-24	6456.70	6508.00	6367.00	6466.80	2024637400	6466.80
2007-09-17	6289.30	6512.40	6158.80	6456.70	2073745400	6456.70
2007-09-10	6191.20	6374.50	6123.10	6289.30	1623375400	6289.30
2007-09-03	6303.30	6390.50	6179.10	6191.20	1424691800	6191.20
2007-08-28	6220.10	6309.50	6056.50	6303.30	1365738100	6303.30
2007-08-20	6064.20	6287.20	6031.80	6220.10	1508143100	6220.10
2007-08-13	6038.30	6264.90	5821.70	6064.20	1962416600	6064.20
2007-08-06	6224.30	6406.30	6038.30	6038.30	1979805800	6038.30
2007-07-30	6215.20	6361.10	6186.20	6224.30	1969148200	6224.30
2007-07-23	6585.20	6624.40	6192.30	6215.20	1896018800	6215.20
2007-07-16	6716.70	6735.80	6567.10	6585.20	1700314600	6585.20
2007-07-09	6690.10	6754.10	6574.20	6716.70	1613114300	6716.70
2007-07-02	6607.90	6691.80	6570.50	6690.10	1672508400	6690.10
2007-06-25	6567.40	6607.90	6496.40	6607.90	2042618800	6607.90
2007-06-18	6732.40	6751.30	6562.20	6567.40	1778245600	6567.40
2007-06-11	6505.10	6734.20	6483.60	6732.40	1874489300	6732.40
2007-06-04	6676.70	6686.60	6451.40	6505.10	1878886100	6505.10
2007-05-29	6570.50	6676.70	6533.50	6676.70	2002299700	6676.70
2007-05-21	6640.90	6675.00	6532.50	6570.50	1927896900	6570.50
2007-05-14	6565.70	6656.30	6530.30	6640.90	1834089700	6640.90
2007-05-08	6603.70	6603.70	6451.90	6565.70	1973418100	6565.70
2007-04-30	6418.70	6614.70	6395.50	6603.70	1693119300	6603.70
2007-04-23	6486.80	6511.10	6408.40	6418.70	1823239300	6418.70
2007-04-16	6462.40	6516.20	6386.20	6486.80	1628624000	6486.80
2007-04-10	6397.30	6462.40	6376.40	6462.40	1651731000	6462.40
2007-04-02	6308.00	6398.70	6293.90	6397.30	1574959600	6397.30
2007-03-26	6339.40	6355.30	6250.10	6308.00	1676859500	6308.00
2007-03-19	6130.60	6350.40	6130.60	6339.40	1989156000	6339.40
2007-03-12	6245.20	6276.30	6000.70	6130.60	1870466700	6130.60
2007-03-05	6116.20	6255.80	5989.60	6245.20	1781954400	6245.20
2007-02-26	6401.50	6446.80	6038.90	6116.20	1946075400	6116.20
2007-02-19	6419.50	6451.40	6352.10	6401.50	1534071400	6401.50
2007-02-12	6382.80	6439.20	6344.70	6419.50	1444165800	6419.50
2007-02-05	6310.90	6395.40	6294.70	6382.80	1654467200	6382.80
2007-01-29	6228.00	6329.00	6197.50	6310.90	1882342400	6310.90
2007-01-22	6237.20	6335.10	6189.20	6228.00	1646728000	6228.00
2007-01-15	6239.00	6279.70	6163.50	6237.20	1588416500	6237.20
2007-01-08	6220.10	6247.60	6130.20	6239.00	1879864300	6239.00
2007-01-02	6220.80	6322.00	6220.10	6220.10	1551788400	6220.10
2006-12-27	6190.00	6258.70	6190.00	6220.80	560517000	6220.80
2006-12-18	6260.00	6269.10	6171.20	6190.00	1082184400	6190.00
2006-12-11	6152.40	6271.40	6137.80	6260.00	1693415200	6260.00
2006-12-04	6021.50	6157.10	6019.40	6152.40	1607828400	6152.40
2006-11-27	6122.10	6129.50	5985.20	6021.50	1777614200	6021.50
2006-11-20	6192.00	6233.10	6068.10	6122.10	1554004500	6122.10
2006-11-13	6208.40	6256.80	6167.30	6192.00	1642079300	6192.00
2006-11-06	6148.10	6250.40	6146.50	6208.40	1503817400	6208.40
2006-10-30	6160.90	6180.70	6110.90	6148.10	1596385800	6148.10
2006-10-23	6155.20	6244.60	6129.10	6160.90	1396431500	6160.90
2006-10-16	6157.30	6199.80	6105.80	6155.20	1455137200	6155.20
2006-10-09	6001.20	6170.50	5994.80	6157.30	1572081000	6157.30
2006-10-02	5960.80	6016.70	5897.30	6001.20	1896821700	6001.20
2006-09-25	5822.30	6002.90	5774.50	5960.80	1678787700	5960.80
2006-09-18	5877.00	5911.90	5820.40	5822.30	1513998400	5822.30
2006-09-11	5879.30	5943.70	5820.00	5877.00	1738331200	5877.00
2006-09-04	5949.10	5991.20	5853.30	5879.30	1208509000	5879.30
2006-08-29	5878.60	5967.70	5878.60	5949.10	1344118000	5949.10
2006-08-21	5903.40	5939.20	5832.50	5878.60	1111028600	5878.60
2006-08-14	5820.10	5932.50	5820.10	5903.40	1397724400	5903.40
2006-08-07	5889.40	5889.40	5752.60	5820.10	1419647900	5820.10
2006-07-31	5974.90	5977.20	5827.10	5889.40	1436231400	5889.40
2006-07-24	5719.70	5982.50	5719.70	5974.90	1510286900	5974.90
2006-07-17	5707.60	5819.70	5654.60	5719.70	1474971600	5719.70
2006-07-10	5888.90	5901.00	5707.60	5707.60	1215261100	5707.60
2006-07-03	5833.40	5908.50	5815.70	5888.90	1186748500	5888.90
2006-06-26	5692.10	5865.70	5633.80	5833.40	1461370600	5833.40
2006-06-19	5597.40	5736.80	5585.00	5692.10	1381106400	5692.10
2006-06-12	5655.20	5701.50	5467.40	5597.40	1904571000	5597.40
2006-06-05	5764.60	5789.80	5562.90	5655.20	1755605700	5655.20
2006-05-30	5791.00	5802.90	5591.50	5764.60	1912442300	5764.60
2006-05-22	5657.40	5791.00	5510.50	5791.00	1942689000	5791.00
2006-05-15	5912.10	5912.10	5618.70	5657.40	2039291800	5657.40
2006-05-08	6091.70	6133.50	5912.10	5912.10	1782256400	5912.10
2006-05-02	6023.10	6100.00	6001.10	6091.70	1770938600	6091.70
2006-04-24	6132.70	6136.50	6023.10	6023.10	1635968000	6023.10
2006-04-18	6029.40	6137.10	6026.10	6132.70	1669011600	6132.70
2006-04-10	6026.10	6092.50	5974.50	6029.40	1720601600	6029.40
2006-04-03	5964.60	6074.20	5964.60	6026.10	1807488800	6026.10
2006-03-27	6036.30	6047.00	5927.20	5964.60	1710599700	5964.60
2006-03-20	5999.40	6039.10	5956.70	6036.30	2006377800	6036.30
2006-03-13	5907.90	6044.00	5907.90	5999.40	2047590600	5999.40
2006-03-06	5858.70	5924.50	5790.90	5907.90	1871918000	5907.90
2006-02-27	5860.50	5893.30	5783.90	5858.70	2028821800	5858.70
2006-02-20	5846.20	5888.00	5829.40	5860.50	1745679000	5860.50
2006-02-13	5764.10	5863.30	5760.30	5846.20	1711304700	5846.20
2006-02-06	5759.30	5808.90	5681.90	5764.10	2012666100	5764.10
2006-01-30	5786.80	5816.00	5728.20	5759.30	1880016700	5759.30
2006-01-23	5672.40	5788.20	5625.00	5786.80	1989199600	5786.80
2006-01-16	5711.00	5740.20	5634.80	5672.40	1839167900	5672.40
2006-01-09	5731.80	5750.30	5686.10	5711.00	1771542200	5711.00
2006-01-03	5618.80	5731.80	5618.80	5731.80	1900212100	5731.80
2005-12-28	5595.40	5647.20	5591.90	5618.80	507933600	5618.80
2005-12-19	5531.60	5608.20	5524.70	5595.40	1110797500	5595.40
2005-12-12	5517.40	5552.60	5489.30	5531.60	1704228100	5531.60
2005-12-05	5528.10	5574.00	5492.80	5517.40	1885436200	5517.40
2005-11-28	5523.80	5554.90	5423.20	5528.10	1811939200	5528.10
2005-11-21	5498.90	5539.00	5486.20	5523.80	1528560500	5523.80
2005-11-14	5465.10	5531.60	5391.70	5498.90	1842172000	5498.90
2005-11-07	5423.60	5481.70	5415.50	5465.10	1779399400	5465.10
2005-10-31	5213.40	5446.40	5213.40	5423.60	2065021700	5423.60
2005-10-24	5142.10	5236.50	5140.10	5213.40	1411205900	5213.40
2005-10-17	5275.00	5303.20	5130.90	5142.10	1650769300	5142.10
2005-10-10	5362.30	5404.40	5245.60	5275.00	1710752400	5275.00
2005-10-03	5477.70	5515.00	5355.70	5362.30	1680191000	5362.30
2005-09-26	5413.60	5508.40	5413.60	5477.70	1544657400	5477.70
2005-09-19	5407.90	5446.60	5354.30	5413.60	1577267200	5413.60
2005-09-12	5359.30	5418.70	5327.10	5407.90	1510595200	5407.90
2005-09-05	5326.80	5376.10	5320.60	5359.30	1248655800	5359.30
2005-08-30	5228.10	5342.10	5228.10	5326.80	1401276400	5326.80
2005-08-22	5312.60	5329.70	5228.10	5228.10	1099210400	5228.10
2005-08-15	5345.80	5367.80	5263.70	5312.60	1444875100	5312.60
2005-08-08	5314.70	5386.40	5314.70	5345.80	1251071500	5345.80
2005-08-01	5282.30	5341.80	5282.30	5314.70	1422138800	5314.70
2005-07-25	5241.80	5308.60	5241.80	5282.30	1707794400	5282.30
2005-07-18	5230.80	5258.40	5180.20	5241.80	1766280000	5241.80
2005-07-11	5232.20	5283.90	5216.20	5230.80	1737326200	5230.80
2005-07-04	5161.00	5237.60	5022.10	5232.20	1666561700	5232.20
2005-06-27	5079.00	5162.60	5036.90	5161.00	1678048400	5161.00
2005-06-20	5077.60	5121.90	5057.90	5079.00	1411269000	5079.00
2005-06-13	5030.40	5098.50	5013.40	5077.60	1567032200	5077.60
2005-06-06	4999.40	5047.30	4976.20	5030.40	1381254700	5030.40
2005-05-31	4986.30	5016.60	4964.00	4999.40	1446363000	4999.40
2005-05-23	4971.80	5004.30	4956.80	4986.30	1568902500	4986.30
2005-05-16	4886.50	4981.10	4869.00	4971.80	1602037900	4971.80
2005-05-09	4918.90	4929.10	4854.20	4886.50	1523355300	4886.50
2005-05-03	4801.70	4924.60	4801.70	4918.90	1481214500	4918.90
2005-04-25	4849.30	4879.60	4773.70	4801.70	1591761300	4801.70
2005-04-18	4891.60	4891.60	4794.80	4849.30	1559284800	4849.30
2005-04-11	4983.60	4983.60	4891.60	4891.60	1434273500	4891.60
2005-04-04	4914.00	4994.10	4877.00	4983.60	1578947300	4983.60
2005-03-29	4922.50	4942.00	4886.50	4914.00	1631195700	4914.00
2005-03-21	4923.30	4952.20	4887.20	4922.50	1820071600	4922.50
2005-03-14	4982.00	5006.10	4920.00	4923.30	1673570700	4923.30
2005-03-07	5036.30	5041.30	4956.80	4982.00	1548972200	4982.00
2005-02-28	5006.80	5042.00	4965.90	5036.30	1673214000	5036.30
2005-02-21	5057.20	5077.80	4970.80	5006.80	1611631800	5006.80
2005-02-14	5044.20	5077.60	5030.50	5057.20	1504287300	5057.20
2005-02-07	4941.50	5045.00	4941.50	5044.20	1670937000	5044.20
2005-01-31	4832.80	4947.40	4832.80	4941.50	1714987700	4941.50
2005-01-24	4803.30	4860.40	4770.10	4832.80	1574217300	4832.80
2005-01-17	4820.80	4852.80	4783.30	4803.30	1523748500	4803.30
2005-01-10	4854.10	4858.90	4765.40	4820.80	1644775700	4820.80
2005-01-04	4814.30	4863.50	4806.00	4854.10	1614771900	4854.10
2004-12-29	4798.10	4826.20	4787.40	4814.30	529168100	4814.30
2004-12-20	4696.80	4807.80	4696.80	4798.10	1050133300	4798.10
2004-12-13	4694.00	4755.00	4688.70	4696.80	1842058500	4696.80
2004-12-06	4747.90	4747.90	4675.00	4694.00	1440330900	4694.00
2004-11-29	4741.50	4791.00	4696.80	4747.90	1637488600	4747.90
2004-11-22	4760.80	4767.70	4713.60	4741.50	1323977400	4741.50
2004-11-15	4793.90	4823.80	4756.50	4760.80	1805626100	4760.80
2004-11-08	4739.80	4798.70	4706.40	4793.90	1661787300	4793.90
2004-11-01	4624.20	4761.90	4624.20	4739.80	1388053200	4739.80
2004-10-25	4615.40	4663.40	4551.60	4624.20	1742982100	4624.20
2004-10-18	4622.70	4675.80	4592.20	4615.40	1540465000	4615.40
2004-10-11	4698.90	4706.90	4605.80	4622.70	1373707500	4622.70
2004-10-04	4659.60	4732.90	4659.60	4698.90	1508416000	4698.90
2004-09-27	4578.10	4663.90	4528.10	4659.60	1693159300	4659.60
2004-09-20	4591.00	4630.70	4557.20	4578.10	1674791400	4578.10
2004-09-13	4545.00	4602.10	4539.00	4591.00	1699645500	4591.00
2004-09-06	4550.80	4574.00	4529.60	4545.00	1481380500	4545.00
2004-08-31	4490.10	4553.40	4458.80	4550.80	1489803900	4550.80
2004-08-23	4369.20	4490.10	4369.20	4490.10	1253798100	4490.10
2004-08-16	4301.50	4381.40	4283.00	4369.20	1187411800	4369.20
2004-08-09	4337.90	4356.90	4289.60	4301.50	1305135300	4301.50
2004-08-02	4413.10	4432.50	4337.90	4337.90	1693833200	4337.90
2004-07-26	4326.30	4425.30	4283.20	4413.10	1573582500	4413.10
2004-07-19	4339.20	4391.50	4297.50	4326.30	1459340800	4326.30
2004-07-12	4393.20	4395.60	4324.50	4339.20	1504479700	4339.20
2004-07-05	4407.40	4423.30	4324.10	4393.20	1546556900	4393.20
2004-06-28	4494.10	4535.10	4398.30	4407.40	1838890300	4407.40
2004-06-21	4505.80	4516.70	4459.80	4494.10	1708827000	4494.10
2004-06-14	4484.00	4510.50	4430.30	4505.80	1442435400	4505.80
2004-06-07	4454.40	4515.20	4454.40	4484.00	1310821100	4484.00
2004-06-01	4430.70	4462.10	4400.70	4454.40	1568028800	4454.40
2004-05-24	4431.40	4471.30	4396.60	4430.70	1733011700	4430.70
2004-05-17	4441.80	4471.80	4363.00	4431.40	1581529900	4431.40
2004-05-10	4498.40	4498.40	4395.20	4441.80	1652499000	4441.80
2004-05-04	4489.70	4573.70	4463.20	4498.40	1976056100	4498.40
2004-04-26	4570.00	4586.90	4489.70	4489.70	1575725500	4489.70
2004-04-19	4537.30	4601.60	4519.80	4570.00	1670900100	4570.00
2004-04-13	4489.70	4540.20	4456.20	4537.30	1765230000	4537.30
2004-04-05	4465.60	4504.70	4451.40	4489.70	1533979600	4489.70
2004-03-29	4357.50	4471.30	4357.50	4465.60	1569067700	4465.60
2004-03-22	4417.70	4417.70	4291.30	4357.50	1932797000	4357.50
2004-03-15	4467.40	4471.20	4394.60	4417.70	1833873400	4417.70
2004-03-08	4547.10	4562.00	4374.50	4467.40	1901023000	4467.40
2004-03-01	4492.20	4566.20	4492.20	4547.10	1954852400	4547.10
2004-02-23	4515.00	4556.90	4476.70	4492.20	2015747600	4492.20
2004-02-16	4412.00	4549.60	4389.90	4515.00	1996943000	4515.00
2004-02-09	4402.70	4436.80	4370.20	4412.00	2071153600	4412.00
2004-02-02	4390.70	4411.60	4357.40	4402.70	1966123300	4402.70
2004-01-26	4460.80	4482.50	4390.70	4390.70	2000214400	4390.70
2004-01-19	4487.90	4531.40	4438.60	4460.80	1855807700	4460.80
2004-01-12	4466.30	4491.70	4431.10	4487.90	2022647500	4487.90
2004-01-05	4510.20	4522.90	4445.10	4466.30	1979471300	4466.30
2003-12-29	4444.70	4518.00	4432.80	4510.20	498931800	4510.20
2003-12-22	4412.30	4457.40	4392.40	4444.70	799346500	4444.70
2003-12-15	4347.60	4427.80	4329.00	4412.30	1751458800	4412.30
2003-12-08	4367.00	4407.50	4312.50	4347.60	1695432700	4347.60
2003-12-01	4342.60	4416.50	4337.70	4367.00	1788626300	4367.00
2003-11-24	4319.00	4423.60	4319.00	4342.60	1666855400	4342.60
2003-11-17	4397.00	4397.00	4270.50	4319.00	1937881400	4319.00
2003-11-10	4376.90	4412.90	4313.50	4397.00	1585009300	4397.00
2003-11-03	4287.60	4389.20	4283.40	4376.90	1765386000	4376.90
2003-10-27	4239.00	4332.90	4238.10	4287.60	1614735000	4287.60
2003-10-20	4344.00	4377.60	4212.50	4239.00	1743272000	4239.00
2003-10-13	4311.00	4393.80	4310.10	4344.00	1809309400	4344.00
2003-10-06	4274.00	4327.00	4241.70	4311.00	1774991200	4311.00
2003-09-29	4157.10	4285.40	4081.80	4274.00	1901155600	4274.00
2003-09-22	4257.00	4265.30	4146.40	4157.10	1963433200	4157.10
2003-09-15	4237.80	4329.60	4237.80	4257.00	1852408800	4257.00
2003-09-08	4257.20	4298.00	4227.20	4237.80	1725643300	4237.80
2003-09-01	4161.10	4279.10	4161.10	4257.20	1868400700	4257.20
2003-08-26	4225.90	4229.00	4161.10	4161.10	1588786000	4161.10
2003-08-18	4247.30	4286.90	4196.50	4225.90	1421756400	4225.90
2003-08-11	4147.80	4266.40	4147.80	4247.30	1435718800	4247.30
2003-08-04	4098.40	4160.70	4044.90	4147.80	1521654600	4147.80
2003-07-28	4131.20	4183.00	4096.70	4098.40	1498813300	4098.40
2003-07-21	4073.20	4155.20	4043.50	4131.20	1623573300	4131.20
2003-07-14	4058.10	4135.90	4031.90	4073.20	1675187600	4073.20
2003-07-07	4021.50	4088.20	4013.70	4058.10	1483425600	4058.10
2003-06-30	4067.80	4099.00	3951.50	4021.50	1589084900	4021.50
2003-06-23	4160.10	4160.10	4029.20	4067.80	1640493200	4067.80
2003-06-16	4134.10	4218.80	4112.40	4160.10	1688403600	4160.10
2003-06-09	4150.80	4193.60	4101.10	4134.10	1633391600	4134.10
2003-06-02	4048.10	4178.50	4048.10	4150.80	1677372800	4150.80
2003-05-27	3979.80	4096.00	3920.20	4048.10	1754775300	4048.10
2003-05-19	4049.00	4049.00	3907.80	3979.80	1658384700	3979.80
2003-05-12	3969.40	4080.80	3941.10	4049.00	1466009700	4049.00
2003-05-06	3952.60	4038.50	3912.80	3969.40	1628638200	3969.40
2003-04-28	3870.20	3976.20	3855.50	3952.60	1409743200	3952.60
2003-04-22	3889.20	3997.30	3859.90	3870.20	1391877900	3870.20
2003-04-14	3808.10	3967.80	3800.70	3889.20	1334139100	3889.20
2003-04-07	3814.40	3962.20	3803.20	3808.10	1477346200	3808.10
2003-03-31	3708.50	3841.70	3580.90	3814.40	1553642200	3814.40
2003-03-24	3861.10	3861.10	3660.40	3708.50	1496222400	3708.50
2003-03-17	3601.80	3881.70	3525.30	3861.10	1866525500	3861.10
2003-03-10	3491.60	3612.90	3277.50	3601.80	1947424800	3601.80
2003-03-03	3655.60	3714.90	3467.20	3491.60	1650357900	3491.60
2003-02-24	3727.10	3746.50	3535.10	3655.60	1760159200	3655.60
2003-02-17	3611.90	3747.00	3611.90	3727.10	1510645700	3727.10
2003-02-10	3599.20	3683.60	3568.10	3611.90	1649363800	3611.90
2003-02-03	3567.40	3698.90	3563.90	3599.20	1698928100	3599.20
2003-01-27	3603.70	3603.70	3391.50	3567.40	2071188800	3567.40
2003-01-20	3820.60	3853.40	3583.70	3603.70	1880680100	3603.70
2003-01-13	3974.10	4020.20	3820.60	3820.60	1659992400	3820.60
2003-01-06	4004.90	4025.50	3865.80	3974.10	1574959300	3974.10
2002-12-30	3829.40	4027.60	3805.10	4004.90	567070500	4004.90
2002-12-23	3889.90	3957.70	3822.20	3829.40	350311000	3829.40
2002-12-16	3878.10	3999.80	3803.40	3889.90	1567068600	3889.90
2002-12-09	4013.50	4039.80	3839.40	3878.10	1616058800	3878.10
2002-12-02	4169.40	4218.60	3931.90	4013.50	1242562800	4013.50
2002-11-25	4175.20	4206.80	4058.30	4169.40	000	4169.40
2002-11-18	4091.60	4224.80	4069.30	4175.20	000	4175.20
2002-11-11	4034.60	4117.40	3961.00	4091.60	000	4091.60
2002-11-04	3997.00	4192.40	3997.00	4034.60	000	4034.60
2002-10-28	4051.10	4147.90	3919.40	3997.00	000	3997.00
2002-10-21	4130.50	4184.60	4006.90	4051.10	000	4051.10
2002-10-14	3953.40	4197.50	3908.10	4130.50	000	4130.50
2002-10-07	3813.80	3953.40	3663.40	3953.40	000	3953.40
2002-09-30	3907.20	3961.50	3669.70	3813.80	000	3813.80
2002-09-23	3860.10	3925.20	3609.90	3907.20	000	3907.20
2002-09-16	4008.00	4150.20	3755.60	3860.10	000	3860.10
2002-09-09	4107.20	4246.40	3927.80	4008.00	000	4008.00
2002-09-02	4227.30	4227.30	3918.60	4107.20	000	4107.20
2002-08-27	4389.80	4464.00	4173.50	4227.30	000	4227.30
2002-08-19	4330.00	4466.40	4307.70	4389.80	000	4389.80
2002-08-12	4322.40	4382.30	4158.30	4330.00	000	4330.00
2002-08-05	4075.50	4322.40	3900.70	4322.40	000	4322.40
2002-07-29	4016.60	4306.10	4016.60	4075.50	000	4075.50
2002-07-22	4098.30	4098.30	3625.90	4016.60	000	4016.60
2002-07-15	4224.10	4301.20	3860.30	4098.30	000	4098.30
2002-07-08	4615.60	4636.10	4171.00	4224.10	000	4224.10
2002-07-01	4656.40	4708.70	4392.60	4615.60	000	4615.60
2002-06-24	4605.30	4657.10	4442.90	4656.40	000	4656.40
2002-06-17	4630.80	4775.10	4506.30	4605.30	000	4605.30
2002-06-10	4920.40	4948.30	4565.40	4630.80	000	4630.80
2002-06-05	5085.10	5085.10	4851.20	4920.40	000	4920.40
2002-05-27	5169.10	5187.90	5016.90	5085.10	000	5085.10
2002-05-20	5218.00	5246.50	5129.40	5169.10	000	5169.10
2002-05-13	5171.20	5282.20	5147.50	5218.00	000	5218.00
2002-05-07	5203.10	5216.60	5082.70	5171.20	000	5171.20
2002-04-29	5159.00	5236.00	5123.70	5203.10	000	5203.10
2002-04-22	5243.60	5243.60	5116.00	5159.00	000	5159.00
2002-04-15	5161.00	5292.30	5153.20	5243.60	000	5243.60
2002-04-08	5233.60	5243.70	5136.30	5161.00	000	5161.00
2002-04-02	5271.80	5271.80	5187.70	5233.60	000	5233.60
2002-03-25	5250.50	5298.40	5170.50	5271.80	000	5271.80
2002-03-18	5292.70	5331.60	5235.30	5250.50	000	5250.50
2002-03-11	5285.70	5313.60	5200.60	5292.70	000	5292.70
2002-03-04	5169.00	5328.60	5169.00	5285.70	000	5285.70
2002-02-25	5050.80	5196.90	5047.90	5169.00	000	5169.00
2002-02-18	5182.50	5195.70	5015.50	5050.80	000	5050.80
2002-02-11	5128.10	5238.00	5097.70	5182.50	000	5182.50
2002-02-04	5189.70	5189.70	5038.30	5128.10	000	5128.10
2002-01-28	5193.00	5249.90	5052.80	5189.70	000	5189.70
2002-01-21	5126.80	5263.40	5086.00	5193.00	000	5193.00
2002-01-14	5198.60	5198.60	5081.90	5126.80	000	5126.80
2002-01-07	5323.80	5354.20	5171.70	5198.60	000	5198.60
2001-12-31	5242.40	5362.30	5195.20	5323.80	000	5323.80
2001-12-24	5159.20	5243.70	5147.20	5242.40	000	5242.40
2001-12-17	5061.00	5182.20	5038.20	5159.20	000	5159.20
2001-12-10	5264.70	5276.20	5032.30	5061.00	000	5061.00
2001-12-03	5203.60	5411.20	5152.30	5264.70	000	5264.70
2001-11-26	5293.20	5346.00	5146.50	5203.60	000	5203.60
2001-11-19	5291.00	5383.20	5220.80	5293.20	000	5293.20
2001-11-12	5244.20	5366.40	5065.30	5291.00	000	5291.00
2001-11-05	5129.50	5294.60	5124.00	5244.20	000	5244.20
2001-10-29	5188.60	5188.60	4954.90	5129.50	000	5129.50
2001-10-22	5017.70	5265.50	5017.70	5188.60	000	5188.60
2001-10-15	5145.50	5229.60	5003.90	5017.70	000	5017.70
2001-10-08	5036.00	5279.80	4902.70	5145.50	000	5145.50
2001-10-01	4903.40	5082.90	4730.70	5036.00	000	5036.00
2001-09-24	4433.70	4920.50	4433.70	4903.40	000	4903.40
2001-09-17	4755.70	4899.40	4219.80	4433.70	000	4433.70
2001-09-10	5070.30	5070.30	4651.80	4755.70	000	4755.70
2001-09-03	5345.00	5379.60	5068.10	5070.30	000	5070.30
2001-08-28	5471.90	5475.50	5298.30	5345.00	000	5345.00
2001-08-20	5342.10	5471.90	5286.70	5471.90	000	5471.90
2001-08-13	5427.20	5533.20	5299.60	5342.10	000	5342.10
2001-08-06	5547.60	5561.20	5376.70	5427.20	000	5427.20
2001-07-30	5403.10	5644.20	5376.10	5547.60	000	5547.60
2001-07-23	5387.10	5446.80	5260.50	5403.10	000	5403.10
2001-07-16	5537.00	5537.00	5322.20	5387.10	000	5387.10
2001-07-09	5479.20	5544.10	5380.40	5537.00	000	5537.00
2001-07-02	5642.50	5726.10	5443.90	5479.20	000	5479.20
2001-06-25	5665.70	5704.50	5519.60	5642.50	000	5642.50
2001-06-18	5723.00	5743.60	5622.50	5665.70	000	5665.70
2001-06-11	5950.60	5950.60	5657.70	5723.00	000	5723.00
2001-06-04	5809.60	5981.80	5809.10	5950.60	000	5950.60
2001-05-29	5889.80	5906.60	5733.80	5809.60	000	5809.60
2001-05-21	5915.00	5993.70	5859.80	5889.80	000	5889.80
2001-05-14	5896.80	5968.40	5690.50	5915.00	000	5915.00
2001-05-08	5870.30	5987.50	5826.80	5896.80	000	5896.80
2001-04-30	5951.40	5995.40	5753.90	5870.30	000	5870.30
2001-04-23	5879.80	5976.90	5777.60	5951.40	000	5951.40
2001-04-17	5766.60	5943.40	5654.90	5879.80	000	5879.80
2001-04-09	5601.50	5841.30	5570.10	5766.60	000	5766.60
2001-04-02	5633.70	5685.60	5354.30	5601.50	000	5601.50
2001-03-26	5402.30	5728.20	5402.30	5633.70	000	5633.70
2001-03-19	5562.80	5646.80	5279.60	5402.30	000	5402.30
2001-03-12	5917.30	5917.30	5471.10	5562.80	000	5562.80
2001-03-05	5858.60	6050.40	5856.90	5917.30	000	5917.30
2001-02-26	5943.70	6003.50	5829.50	5858.60	000	5858.60
2001-02-19	6088.30	6134.00	5904.70	5943.70	000	5943.70
2001-02-12	6164.30	6263.30	6082.80	6088.30	000	6088.30
2001-02-05	6256.40	6306.70	6153.10	6164.30	000	6164.30
2001-01-29	6294.30	6360.30	6233.40	6256.40	000	6256.40
2001-01-22	6209.30	6309.20	6162.90	6294.30	000	6294.30
2001-01-15	6165.50	6276.40	6076.70	6209.30	000	6209.30
2001-01-08	6198.10	6212.40	6040.40	6165.50	000	6165.50
2001-01-02	6222.50	6276.20	6029.30	6198.10	000	6198.10
2000-12-27	6097.50	6255.90	6097.50	6222.50	000	6222.50
2000-12-18	6175.80	6307.30	6083.70	6097.50	000	6097.50
2000-12-11	6288.30	6421.50	6175.00	6175.80	000	6175.80
2000-12-04	6170.40	6365.60	6113.90	6288.30	000	6288.30
2000-11-27	6327.60	6397.50	6070.00	6170.40	000	6170.40
2000-11-20	6440.10	6452.80	6216.10	6327.60	000	6327.60
2000-11-13	6400.20	6483.30	6269.30	6440.10	000	6440.10
2000-11-06	6385.40	6514.70	6338.50	6400.20	000	6400.20
2000-10-30	6366.50	6508.60	6307.90	6385.40	000	6385.40
2000-10-23	6276.30	6452.80	6271.50	6366.50	000	6366.50
2000-10-16	6209.60	6294.50	6017.20	6276.30	000	6276.30
2000-10-09	6391.20	6391.20	6050.70	6209.60	000	6209.60
2000-10-02	6294.20	6412.50	6283.80	6391.20	000	6391.20
2000-09-25	6205.90	6325.70	6192.70	6294.20	000	6294.20
2000-09-18	6417.30	6464.30	6075.10	6205.90	000	6205.90
2000-09-11	6600.70	6604.10	6392.10	6417.30	000	6417.30
2000-09-04	6795.00	6828.70	6561.10	6600.70	000	6600.70
2000-08-29	6563.70	6838.60	6560.20	6795.00	000	6795.00
2000-08-21	6543.70	6619.10	6491.40	6563.70	000	6563.70
2000-08-14	6384.50	6553.50	6365.50	6543.70	000	6543.70
2000-08-07	6363.50	6463.10	6348.40	6384.50	000	6384.50
2000-07-31	6335.70	6424.70	6274.90	6363.50	000	6363.50
2000-07-24	6378.40	6456.30	6332.60	6335.70	000	6335.70
2000-07-17	6475.40	6531.40	6365.50	6378.40	000	6378.40
2000-07-10	6497.50	6545.10	6450.50	6475.40	000	6475.40
2000-07-03	6312.70	6502.60	6309.30	6497.50	000	6497.50
2000-06-26	6391.50	6447.70	6221.00	6312.70	000	6312.70
2000-06-19	6490.80	6536.50	6367.80	6391.50	000	6391.50
2000-06-12	6443.80	6566.70	6430.80	6526.00	000	6526.00
2000-06-05	6626.40	6635.70	6438.10	6443.80	000	6443.80
2000-05-30	6216.90	6634.90	6216.90	6626.40	000	6626.40
2000-05-22	6045.40	6252.20	5991.90	6216.90	000	6216.90
2000-05-15	6283.50	6349.10	6039.10	6045.40	000	6045.40
2000-05-08	6238.80	6304.20	6051.50	6283.50	000	6283.50
2000-05-02	6327.40	6412.60	6162.50	6238.80	000	6238.80
2000-04-25	6241.20	6342.20	6127.90	6327.40	000	6327.40
2000-04-17	6178.10	6248.10	5915.20	6241.20	000	6241.20
2000-04-10	6569.90	6579.60	6149.80	6178.10	000	6178.10
2000-04-03	6540.20	6586.30	6283.20	6569.90	000	6569.90
2000-03-27	6738.50	6770.40	6385.80	6540.20	000	6540.20
2000-03-20	6558.00	6755.10	6523.30	6738.50	000	6738.50
2000-03-13	6380.60	6713.10	6380.60	6558.00	000	6558.00
2000-03-06	6487.50	6642.50	6387.20	6568.70	000	6568.70
2000-02-28	6198.00	6506.30	6054.10	6487.50	000	6487.50
2000-02-21	6165.00	6288.80	6002.70	6198.00	000	6198.00
2000-02-14	6193.30	6264.10	5972.70	6165.00	000	6165.00
2000-02-07	6185.00	6450.90	6100.70	6193.30	000	6193.30
2000-01-31	6375.60	6393.50	6171.20	6185.00	000	6185.00
2000-01-24	6346.30	6480.40	6262.90	6375.60	000	6375.60
2000-01-17	6658.20	6695.90	6287.10	6346.30	000	6346.30
2000-01-10	6504.80	6666.80	6470.30	6658.20	000	6658.20
2000-01-04	6930.20	6930.20	6424.40	6504.80	000	6504.80
1999-12-29	6806.50	6950.60	6801.10	6930.20	000	6930.20
1999-12-20	6720.20	6815.70	6675.60	6806.50	000	6806.50
1999-12-13	6744.50	6769.70	6588.70	6724.60	000	6724.60
1999-12-06	6761.40	6769.40	6609.50	6739.50	000	6739.50
1999-11-29	6695.40	6772.10	6575.30	6742.20	000	6742.20
1999-11-22	6484.90	6743.10	6422.00	6684.80	000	6684.80
1999-11-15	6503.50	6627.10	6456.20	6482.30	000	6482.30
1999-11-08	6339.80	6612.80	6338.50	6511.60	000	6511.60
1999-11-01	6251.30	6402.00	6231.00	6356.60	000	6356.60
1999-10-25	6062.50	6279.30	5990.10	6255.70	000	6255.70
1999-10-18	5892.40	6060.20	5798.30	6058.90	000	6058.90
1999-10-11	6200.60	6242.80	5842.30	5907.30	000	5907.30
1999-10-04	5971.90	6250.80	5967.30	6199.40	000	6199.40
1999-09-27	5945.00	6087.70	5941.50	5970.70	000	5970.70
1999-09-20	6050.90	6094.70	5868.40	5937.60	000	5937.60
1999-09-13	6206.50	6250.90	6010.00	6039.80	000	6039.80
1999-09-06	6360.60	6388.40	6158.80	6191.00	000	6191.00
1999-08-31	6350.80	6350.80	6168.30	6332.10	000	6332.10
1999-08-23	6185.70	6434.40	6185.70	6375.20	000	6375.20
1999-08-16	6246.60	6263.50	6104.20	6180.80	000	6180.80
1999-08-09	6125.90	6247.70	5976.20	6245.10	000	6245.10
1999-08-02	6228.40	6301.90	6078.50	6121.00	000	6121.00
1999-07-26	6207.70	6316.20	6092.10	6231.90	000	6231.90
1999-07-19	6568.60	6622.10	6199.10	6207.40	000	6207.40
1999-07-12	6565.50	6623.80	6445.60	6563.20	000	6563.20
1999-07-05	6516.10	6649.50	6516.00	6562.60	000	6562.60
1999-06-28	6436.90	6521.80	6287.90	6491.90	000	6491.90
1999-06-21	6551.80	6613.60	6379.60	6435.40	000	6435.40
1999-06-14	6495.30	6593.10	6402.10	6527.80	000	6527.80
1999-06-07	6392.70	6501.50	6380.50	6484.80	000	6484.80
1999-06-01	6231.00	6365.80	6227.50	6361.50	000	6361.50
1999-05-24	6362.80	6462.30	6110.10	6226.20	000	6226.20
1999-05-17	6285.40	6391.90	6147.60	6353.10	000	6353.10
1999-05-10	6374.00	6466.00	6261.40	6300.40	000	6300.40
1999-05-04	6593.50	6663.80	6336.20	6356.00	000	6356.00
1999-04-26	6434.90	6635.90	6434.90	6552.20	000	6552.20
1999-04-19	6433.70	6515.30	6280.20	6428.00	000	6428.00
1999-04-12	6463.80	6539.90	6377.20	6420.60	000	6420.60
1999-04-06	6367.20	6512.10	6367.20	6472.80	000	6472.80
1999-03-29	6157.80	6399.10	6138.30	6330.00	000	6330.00
1999-03-22	6155.20	6200.10	5968.30	6139.20	000	6139.20
1999-03-15	6259.20	6280.80	6074.90	6163.20	000	6163.20
1999-03-08	6210.00	6365.40	6168.60	6282.20	000	6282.20
1999-03-01	6177.50	6243.30	6021.40	6205.50	000	6205.50
1999-02-22	6037.70	6319.80	5994.80	6175.10	000	6175.10
1999-02-15	5930.20	6133.20	5924.00	6031.20	000	6031.20
1999-02-08	5867.40	6032.50	5697.70	5950.70	000	5950.70
1999-02-01	5926.00	6048.20	5848.40	5855.30	000	5855.30
1999-01-25	5844.50	5989.30	5749.30	5896.00	000	5896.00
1999-01-18	6013.40	6138.70	5835.10	5861.20	000	5861.20
1999-01-11	6164.60	6186.50	5736.80	5941.00	000	5941.00
1999-01-04	5909.40	6195.60	5811.30	6147.20	000	6147.20
1998-12-29	5873.40	5970.10	5809.00	5882.60	000	5882.60
1998-12-21	5736.90	5911.50	5736.10	5867.20	000	5867.20
1998-12-14	5535.70	5772.10	5468.40	5741.90	000	5741.90
1998-12-07	5599.90	5712.70	5515.50	5541.70	000	5541.70
1998-11-30	5831.50	5866.30	5377.20	5581.90	000	5581.90
1998-11-23	5737.90	5881.70	5732.00	5844.20	000	5844.20
1998-11-16	5472.10	5751.90	5467.10	5717.50	000	5717.50
1998-11-09	5489.90	5516.30	5359.50	5463.20	000	5463.20
1998-11-02	5454.30	5645.10	5453.70	5491.00	000	5491.00
1998-10-26	5236.50	5455.20	5215.20	5438.40	000	5438.40
1998-10-19	5130.70	5282.40	5055.70	5217.10	000	5217.10
1998-10-12	4841.50	5208.10	4841.50	5133.10	000	5133.10
1998-10-05	4743.80	4949.50	4599.20	4823.40	000	4823.40
1998-09-28	5069.80	5114.20	4724.20	4750.40	000	4750.40
1998-09-21	5047.20	5322.30	4899.60	5016.00	000	5016.00
1998-09-14	5123.00	5360.60	5034.70	5055.60	000	5055.60
1998-09-07	5204.50	5399.80	4988.80	5118.60	000	5118.60
1998-09-01	5139.50	5341.60	5075.70	5167.00	000	5167.00
1998-08-24	5503.30	5655.60	5108.70	5249.40	000	5249.40
1998-08-17	5450.70	5712.80	5398.00	5477.00	000	5477.00
1998-08-10	5674.40	5674.40	5350.30	5455.00	000	5455.00
1998-08-03	5832.20	5832.20	5546.90	5680.40	000	5680.40
1998-07-27	5905.80	5932.50	5782.20	5837.00	000	5837.00
1998-07-20	6168.70	6183.70	5871.70	5892.30	000	5892.30
1998-07-13	5929.30	6180.40	5926.40	6174.00	000	6174.00
1998-07-06	5989.40	6043.80	5915.50	5929.70	000	5929.70
1998-06-29	5883.70	6022.10	5825.00	5988.40	000	5988.40
1998-06-22	5747.40	5885.90	5676.50	5877.40	000	5877.40
1998-06-15	5781.40	5871.40	5646.10	5748.10	000	5748.10
1998-06-08	5952.30	6049.60	5750.30	5769.80	000	5769.80
1998-06-01	5870.70	5947.30	5777.70	5947.30	000	5947.30
1998-05-26	5972.60	6023.90	5816.50	5870.70	000	5870.70
1998-05-18	5916.70	5991.10	5794.50	5955.60	000	5955.60
1998-05-11	5968.50	6030.90	5866.50	5917.80	000	5917.80
1998-05-05	6017.60	6064.60	5898.50	5969.80	000	5969.80
1998-04-27	5861.80	6025.10	5699.90	6010.30	000	6010.30
1998-04-20	5939.90	5995.80	5785.70	5863.90	000	5863.90
1998-04-14	6111.80	6150.50	5916.90	5922.20	000	5922.20
1998-04-06	6062.50	6134.90	6033.90	6105.50	000	6105.50
1998-03-30	5939.20	6105.30	5874.80	6064.20	000	6064.20
1998-03-23	5993.80	6023.10	5850.70	5939.30	000	5939.30
1998-03-16	5782.90	6105.80	5773.50	5956.30	000	5956.30
1998-03-09	5782.60	5861.90	5758.10	5782.30	000	5782.30
1998-03-02	5767.30	5850.00	5629.10	5782.90	000	5782.90
1998-02-23	5749.40	5821.80	5584.90	5767.30	000	5767.30
1998-02-16	5580.50	5744.70	5578.50	5718.50	000	5718.50
1998-02-09	5630.50	5650.20	5530.80	5582.30	000	5582.30
1998-02-02	5589.90	5675.10	5556.20	5629.70	000	5629.70
1998-01-26	5184.40	5458.50	5179.50	5458.50	000	5458.50
1998-01-19	5273.70	5313.60	5172.80	5181.40	000	5181.40
1998-01-12	5093.40	5277.20	4988.30	5263.10	000	5263.10
1998-01-05	5191.50	5296.40	5125.40	5138.30	000	5138.30
1997-12-29	5011.10	5203.80	5008.70	5193.50	000	5193.50
1997-12-22	5013.30	5055.00	5004.50	5013.90	000	5013.90
1997-12-15	5048.20	5247.60	4985.70	5020.20	000	5020.20
1997-12-08	5143.20	5223.50	4999.60	5045.20	000	5045.20
1997-12-01	4871.70	5178.50	4859.80	5142.90	000	5142.90
1997-11-24	4977.70	4985.80	4831.80	4831.80	000	4831.80
1997-11-17	4762.40	4985.80	4741.80	4985.80	000	4985.80
1997-11-10	4770.20	4828.30	4680.40	4741.80	000	4741.80
1997-11-03	4877.00	4947.60	4699.60	4764.30	000	4764.30
1997-10-27	4970.20	4970.20	4382.80	4842.30	000	4842.30
1997-10-20	5271.10	5271.10	4926.70	4970.20	000	4970.20
1997-10-13	5252.30	5302.90	5222.40	5271.10	000	5271.10
1997-10-06	5309.30	5366.50	5166.10	5227.30	000	5227.30
1997-09-29	5221.30	5367.30	5202.60	5330.80	000	5330.80
1997-09-22	5019.00	5244.30	5014.80	5226.30	000	5226.30
1997-09-15	4876.30	5064.30	4864.60	5023.80	000	5023.80
1997-09-08	4985.90	4999.80	4833.90	4848.20	000	4848.20
1997-09-01	4816.60	5028.30	4795.30	4994.20	000	4994.20
1997-08-26	4910.60	4924.80	4785.20	4817.50	000	4817.50
1997-08-18	4794.00	4994.10	4779.30	4901.10	000	4901.10
1997-08-11	4974.80	5078.20	4865.80	4865.80	000	4865.80
1997-08-04	4896.70	5095.30	4874.00	5031.30	000	5031.30
1997-07-28	4857.40	4941.70	4835.30	4899.30	000	4899.30
1997-07-21	4858.80	4931.50	4794.90	4851.50	000	4851.50
1997-07-14	4813.20	4998.10	4796.00	4877.20	000	4877.20
1997-07-07	4819.00	4820.00	4729.80	4799.50	000	4799.50
1997-06-30	4645.10	4879.00	4597.10	4812.80	000	4812.80
1997-06-23	4597.00	4660.40	4538.30	4640.30	000	4640.30
1997-06-16	4777.20	4777.20	4593.90	4593.90	000	4593.90
1997-06-09	4653.30	4796.00	4653.30	4783.10	000	4783.10
1997-06-02	4644.70	4645.70	4524.20	4645.00	000	4645.00
1997-05-27	4661.20	4705.20	4595.90	4621.30	000	4621.30
1997-05-19	4669.40	4687.70	4600.40	4661.80	000	4661.80
1997-05-12	4641.80	4723.70	4622.90	4693.90	000	4693.90
1997-05-06	4501.10	4646.00	4472.90	4630.90	000	4630.90
1997-04-28	4361.60	4468.40	4361.20	4455.60	000	4455.60
1997-04-21	4320.60	4400.40	4299.20	4369.70	000	4369.70
1997-04-14	4232.90	4312.30	4232.90	4310.50	000	4310.50
1997-04-07	4255.30	4335.10	4254.80	4270.70	000	4270.70
1997-04-01	4205.10	4266.20	4200.50	4236.60	000	4236.60
1997-03-24	4260.40	4331.40	4214.30	4312.90	000	4312.90
1997-03-17	4406.50	4408.10	4242.40	4254.80	000	4254.80
1997-03-10	4421.60	4466.30	4351.00	4424.30	000	4424.30
1997-03-03	4293.40	4420.70	4287.30	4420.30	000	4420.30
1997-02-24	4327.50	4357.90	4299.90	4308.30	000	4308.30
1997-02-17	4336.30	4362.40	4312.40	4336.80	000	4336.80
1997-02-10	4304.40	4353.40	4288.90	4341.00	000	4341.00
1997-02-03	4272.30	4310.10	4252.80	4307.80	000	4307.80
1997-01-27	4207.00	4275.80	4191.30	4275.80	000	4275.80
1997-01-20	4216.80	4251.30	4167.60	4218.80	000	4218.80
1997-01-13	4087.90	4218.40	4078.60	4207.70	000	4207.70
1997-01-06	4105.20	4108.00	4036.90	4056.60	000	4056.60
1996-12-30	4095.30	4123.20	4057.10	4089.50	000	4089.50
1996-12-23	4076.30	4102.90	4066.70	4091.00	000	4091.00
1996-12-16	3981.10	4100.00	3970.80	4077.60	000	4077.60
1996-12-09	3988.10	4043.20	3933.90	3972.40	000	3972.40
1996-12-02	4055.90	4076.00	3882.70	3963.00	000	3963.00
1996-11-25	4030.70	4094.40	4029.50	4058.00	000	4058.00
1996-11-18	3960.10	4018.70	3947.30	4018.70	000	4018.70
1996-11-11	3907.50	3958.40	3896.50	3958.20	000	3958.20
1996-11-04	3955.80	3956.20	3898.20	3910.80	000	3910.80
1996-10-28	4020.20	4037.60	3941.90	3948.50	000	3948.50
1996-10-21	4059.40	4073.20	3981.80	4022.40	000	4022.40
1996-10-14	4020.60	4063.20	4017.00	4053.10	000	4053.10
1996-10-07	4042.90	4046.80	3981.20	4028.10	000	4028.10
1996-09-30	3947.60	4025.10	3934.40	4024.80	000	4024.80
1996-09-23	3952.00	3954.60	3904.30	3946.40	000	3946.40
1996-09-16	3976.70	3994.10	3950.70	3964.10	000	3964.10
1996-09-09	3903.60	3970.50	3899.50	3967.90	000	3967.90
1996-09-02	3873.70	3893.00	3835.80	3893.00	000	3893.00
1996-08-27	3889.70	3922.10	3865.90	3867.60	000	3867.60
1996-08-19	3877.10	3911.60	3861.20	3907.50	000	3907.50
1996-08-12	3796.40	3873.10	3792.40	3872.90	000	3872.90
1996-08-05	3777.80	3816.50	3773.80	3810.70	000	3810.70
1996-07-29	3675.50	3770.70	3661.20	3770.60	000	3770.60
1996-07-22	3706.90	3708.50	3643.70	3673.30	000	3673.30
1996-07-15	3721.10	3726.90	3612.60	3710.50	000	3710.50
1996-07-08	3723.60	3777.20	3715.30	3728.30	000	3728.30
1996-07-01	3710.40	3790.00	3708.20	3743.20	000	3743.20
1996-06-24	3729.70	3729.70	3671.60	3711.00	000	3711.00
1996-06-17	3755.90	3767.70	3722.30	3722.30	000	3722.30
1996-06-10	3726.80	3770.70	3719.50	3753.60	000	3753.60
1996-06-03	3737.00	3774.70	3694.80	3706.80	000	3706.80
1996-05-28	3755.00	3775.80	3741.00	3747.80	000	3747.80
1996-05-20	3795.20	3799.30	3733.00	3752.10	000	3752.10
1996-05-13	3751.80	3791.40	3738.00	3789.60	000	3789.60
1996-05-07	3744.30	3757.20	3707.30	3754.40	000	3754.40
1996-04-29	3834.50	3834.50	3734.60	3751.60	000	3751.60
1996-04-22	3854.20	3858.90	3802.90	3832.80	000	3832.80
1996-04-15	3775.00	3857.10	3774.90	3857.10	000	3857.10
1996-04-09	3726.50	3775.10	3726.20	3766.80	000	3766.80
1996-04-01	3692.10	3759.90	3692.10	3755.60	000	3755.60
1996-03-25	3705.10	3705.30	3650.00	3699.70	000	3699.70
1996-03-18	3647.70	3707.70	3647.40	3707.00	000	3707.00
1996-03-11	3649.00	3707.80	3629.10	3644.80	000	3644.80
1996-03-04	3758.70	3792.50	3686.20	3710.30	000	3710.30
1996-02-26	3732.00	3763.70	3697.80	3752.70	000	3752.70
1996-02-19	3755.90	3755.90	3688.70	3740.30	000	3740.30
1996-02-12	3709.30	3791.60	3697.40	3770.90	000	3770.90
1996-02-05	3763.30	3764.70	3692.40	3716.30	000	3716.30
1996-01-29	3737.80	3782.60	3713.90	3781.30	000	3781.30
1996-01-22	3763.50	3763.90	3714.50	3734.70	000	3734.70
1996-01-15	3658.50	3767.40	3658.50	3748.40	000	3748.40
1996-01-08	3708.80	3722.80	3645.30	3657.30	000	3657.30
1996-01-02	3696.00	3723.00	3666.90	3704.50	000	3704.50
1995-12-27	3657.40	3690.60	3657.40	3689.30	000	3689.30
1995-12-18	3642.30	3658.40	3558.50	3658.30	000	3658.30
1995-12-11	3633.30	3688.00	3633.10	3642.60	000	3642.60
1995-12-04	3675.20	3683.60	3618.20	3630.00	000	3630.00
1995-11-27	3629.10	3671.00	3625.90	3664.30	000	3664.30
1995-11-20	3620.60	3639.50	3600.10	3624.00	000	3624.00
1995-11-13	3518.20	3626.70	3518.20	3609.20	000	3609.20
1995-11-06	3500.90	3553.10	3493.00	3523.40	000	3523.40
1995-10-30	3511.60	3539.60	3499.10	3500.40	000	3500.40
1995-10-23	3539.50	3551.40	3484.70	3497.90	000	3497.90
1995-10-16	3562.50	3598.00	3541.90	3551.40	000	3551.40
1995-10-09	3536.60	3584.70	3442.50	3568.00	000	3568.00
1995-10-02	3510.60	3555.30	3502.70	3526.50	000	3526.50
1995-09-25	3514.10	3523.30	3474.60	3508.20	000	3508.20
1995-09-18	3551.30	3569.90	3503.60	3514.80	000	3514.80
1995-09-11	3555.20	3587.00	3533.60	3564.60	000	3564.60
1995-09-04	3511.90	3563.70	3505.20	3554.50	000	3554.50
1995-08-29	3522.30	3522.90	3470.00	3509.40	000	3509.40
1995-08-21	3510.30	3540.70	3502.90	3524.90	000	3524.90
1995-08-14	3457.50	3509.80	3433.40	3509.80	000	3509.80
1995-08-07	3474.10	3485.60	3461.80	3467.50	000	3467.50
1995-07-31	3475.60	3505.00	3448.80	3482.40	000	3482.40
1995-07-24	3413.80	3480.50	3413.80	3468.90	000	3468.90
1995-07-17	3430.50	3448.70	3382.10	3413.10	000	3413.10
1995-07-10	3472.60	3487.80	3419.60	3429.20	000	3429.20
1995-07-03	3310.20	3462.90	3300.40	3462.90	000	3462.90
1995-06-26	3364.80	3364.80	3265.50	3314.60	000	3314.60
1995-06-19	3363.90	3404.20	3358.80	3379.40	000	3379.40
1995-06-12	3328.10	3383.30	3328.00	3366.10	000	3366.10
1995-06-05	3338.60	3395.00	3335.60	3337.70	000	3337.70
1995-05-30	3307.10	3353.20	3301.40	3345.00	000	3345.00
1995-05-22	3265.10	3360.80	3264.70	3311.10	000	3311.10
1995-05-15	3310.50	3324.80	3253.90	3261.00	000	3261.00
1995-05-09	3259.10	3326.20	3248.90	3310.30	000	3310.30
1995-05-01	3212.80	3288.20	3211.20	3251.70	000	3251.70
1995-04-24	3199.80	3241.50	3176.30	3216.70	000	3216.70
1995-04-18	3201.50	3205.60	3162.20	3199.90	000	3199.90
1995-04-10	3210.80	3216.20	3187.20	3208.80	000	3208.80
1995-04-03	3134.20	3221.80	3129.50	3210.90	000	3210.90
1995-03-27	3159.00	3185.60	3111.30	3137.90	000	3137.90
1995-03-20	3080.50	3169.20	3080.50	3153.40	000	3153.40
1995-03-13	3029.60	3105.40	3008.60	3089.30	000	3089.30
1995-03-06	3018.70	3021.20	2958.60	3021.10	000	3021.10
1995-02-27	2998.20	3047.40	2998.20	3025.10	000	3025.10
1995-02-20	3030.40	3049.30	3006.80	3037.70	000	3037.70
1995-02-13	3105.10	3108.30	3041.00	3044.20	000	3044.20
1995-02-06	3075.00	3114.60	3060.70	3109.90	000	3109.90
1995-01-30	3021.30	3059.70	2983.40	3059.70	000	3059.70
1995-01-23	2968.80	3022.70	2949.40	3022.20	000	3022.20
1995-01-16	3068.50	3084.40	2989.00	2995.90	000	2995.90
1995-01-09	3064.90	3075.00	3016.10	3048.30	000	3048.30
1995-01-03	3062.60	3072.10	3019.90	3065.00	000	3065.00
1994-12-28	3089.50	3109.70	3062.90	3065.50	000	3065.50
1994-12-19	3026.80	3095.60	3026.50	3083.40	000	3083.40
1994-12-12	2978.10	3013.60	2938.80	3013.60	000	3013.60
1994-12-05	3028.20	3037.40	2976.70	2977.30	000	2977.30
1994-11-28	3039.90	3081.40	3011.60	3017.30	000	3017.30
1994-11-21	3126.10	3128.40	3010.10	3033.50	000	3033.50
1994-11-14	3076.90	3168.10	3069.50	3131.00	000	3131.00
1994-11-07	3077.00	3109.10	3048.40	3075.90	000	3075.90
1994-10-31	3097.50	3111.50	3069.50	3097.60	000	3097.60
1994-10-24	3039.60	3083.90	2985.60	3083.80	000	3083.80
1994-10-17	3100.60	3132.70	3016.40	3032.80	000	3032.80
1994-10-10	3009.70	3151.20	3009.70	3106.70	000	3106.70
1994-10-03	3024.30	3025.20	2950.20	2998.70	000	2998.70
1994-09-26	3017.10	3040.90	2986.00	3026.30	000	3026.30
1994-09-19	3059.90	3085.30	2999.20	3028.20	000	3028.20
1994-09-12	3138.60	3141.20	3064.60	3065.10	000	3065.10
1994-09-05	3214.10	3253.40	3134.00	3139.30	000	3139.30
1994-08-30	3279.90	3280.00	3215.40	3222.70	000	3222.70
1994-08-22	3198.30	3265.30	3161.10	3265.10	000	3265.10
1994-08-15	3147.60	3201.50	3138.70	3191.40	000	3191.40
1994-08-08	3161.70	3184.60	3110.70	3142.30	000	3142.30
1994-08-01	3077.80	3172.80	3075.80	3167.50	000	3167.50
1994-07-25	3110.70	3132.80	3069.70	3082.60	000	3082.60
1994-07-18	3072.60	3123.20	3060.50	3114.70	000	3114.70
1994-07-11	2957.90	3078.40	2957.40	3074.80	000	3074.80
1994-07-04	2938.30	2978.20	2938.30	2962.40	000	2962.40
1994-06-27	2844.70	2961.90	2844.70	2936.40	000	2936.40
1994-06-20	2989.90	2989.90	2874.70	2876.60	000	2876.60
1994-06-13	3059.20	3059.20	3004.40	3022.90	000	3022.90
1994-06-06	2994.70	3055.90	2993.90	3055.90	000	3055.90
1994-05-31	2976.40	3004.40	2925.00	2997.80	000	2997.80
1994-05-23	3129.50	3129.90	2959.50	2966.40	000	2966.40
1994-05-16	3112.90	3157.50	3106.80	3127.30	000	3127.30
1994-05-09	3097.10	3147.70	3080.70	3119.20	000	3119.20
1994-05-03	3131.90	3133.00	3056.20	3106.00	000	3106.00
1994-04-25	3134.40	3167.30	3105.60	3125.30	000	3125.30
1994-04-18	3185.40	3191.40	3090.10	3133.70	000	3133.70
1994-04-11	3114.60	3180.70	3113.20	3168.30	000	3168.30
1994-04-05	3060.90	3145.40	3047.00	3120.80	000	3120.80
1994-03-28	3110.70	3150.20	3061.90	3086.40	000	3086.40
1994-03-21	3212.70	3224.60	3088.50	3129.00	000	3129.00
1994-03-14	3203.00	3269.50	3197.70	3218.10	000	3218.10
1994-03-07	3287.00	3316.10	3190.10	3191.90	000	3191.90
1994-02-28	3287.40	3328.80	3195.70	3278.00	000	3278.00
1994-02-21	3353.50	3371.90	3243.40	3281.20	000	3281.20
1994-02-14	3373.20	3437.60	3350.20	3382.60	000	3382.60
1994-02-07	3405.70	3471.70	3349.30	3378.90	000	3378.90
1994-01-31	3458.10	3539.20	3457.80	3475.40	000	3475.40
1994-01-24	3486.70	3487.40	3403.30	3447.40	000	3447.40
1994-01-17	3405.40	3496.10	3397.40	3484.20	000	3484.20
1994-01-10	3465.70	3468.10	3356.90	3400.60	000	3400.60
1994-01-04	3427.20	3446.80	3355.30	3446.00	000	3446.00
1993-12-29	3427.90	3480.80	3416.60	3418.40	000	3418.40
1993-12-20	3340.30	3412.40	3333.10	3412.30	000	3412.30
1993-12-13	3258.40	3350.80	3243.30	3337.10	000	3337.10
1993-12-06	3229.90	3300.10	3218.40	3261.30	000	3261.30
1993-11-29	3106.10	3258.30	3106.00	3234.20	000	3234.20
1993-11-22	3100.60	3123.40	3050.60	3111.40	000	3111.40
1993-11-15	3095.20	3138.30	3082.90	3108.00	000	3108.00
1993-11-08	3090.60	3115.00	3065.10	3099.10	000	3099.10
1993-11-01	3170.70	3176.20	3083.30	3085.60	000	3085.60
1993-10-25	3195.20	3195.20	3146.50	3171.00	000	3171.00
1993-10-18	3126.50	3199.20	3123.80	3199.00	000	3199.00
1993-10-11	3107.50	3126.70	3067.50	3120.80	000	3120.80
1993-10-04	3033.00	3116.30	3033.00	3108.60	000	3108.60
1993-09-27	3001.20	3045.40	3001.10	3039.30	000	3039.30
1993-09-20	3001.40	3018.40	2975.00	3005.20	000	3005.20
1993-09-13	3039.90	3041.60	2985.10	3005.50	000	3005.50
1993-09-06	3052.80	3063.40	3022.10	3037.00	000	3037.00
1993-08-31	3105.80	3115.10	3057.20	3057.30	000	3057.30
1993-08-23	3050.20	3103.70	3035.60	3100.60	000	3100.60
1993-08-16	3002.00	3089.20	3001.80	3057.60	000	3057.60
1993-08-09	2973.40	3022.40	2964.50	3010.10	000	3010.10
1993-08-02	2920.00	2974.40	2919.50	2969.80	000	2969.80
1993-07-26	2831.20	2939.50	2831.20	2926.50	000	2926.50
1993-07-19	2826.40	2849.00	2801.20	2827.70	000	2827.70
1993-07-12	2842.70	2851.40	2822.40	2833.00	000	2833.00
1993-07-05	2853.20	2859.40	2829.20	2843.20	000	2843.20
1993-06-28	2892.00	2906.70	2857.00	2857.70	000	2857.70
1993-06-21	2868.30	2917.20	2868.30	2887.50	000	2887.50
1993-06-14	2863.10	2891.60	2863.00	2879.40	000	2879.40
1993-06-07	2830.40	2870.90	2830.10	2861.80	000	2861.80
1993-06-01	2836.10	2868.70	2829.80	2829.90	000	2829.90
1993-05-24	2812.40	2860.50	2804.30	2840.70	000	2840.70
1993-05-17	2847.00	2869.20	2801.10	2812.20	000	2812.20
1993-05-10	2793.50	2867.40	2793.50	2847.00	000	2847.00
1993-05-04	2820.30	2822.90	2772.20	2793.70	000	2793.70
1993-04-26	2841.80	2844.30	2773.70	2813.10	000	2813.10
1993-04-19	2822.80	2881.20	2822.80	2843.80	000	2843.80
1993-04-13	2824.30	2855.90	2817.10	2824.40	000	2824.40
1993-04-05	2846.70	2855.10	2800.60	2821.80	000	2821.80
1993-03-29	2836.80	2897.50	2833.00	2869.90	000	2869.90
1993-03-22	2898.60	2898.60	2833.40	2852.90	000	2852.90
1993-03-15	2909.00	2930.40	2868.20	2900.10	000	2900.10
1993-03-08	2923.90	2980.90	2904.80	2915.90	000	2915.90
1993-03-01	2861.90	2925.00	2858.30	2916.60	000	2916.60
1993-02-22	2832.20	2873.30	2809.40	2868.00	000	2868.00
1993-02-15	2839.20	2854.70	2794.20	2840.00	000	2840.00
1993-02-08	2864.80	2881.10	2810.20	2843.00	000	2843.00
1993-02-01	2821.90	2900.10	2821.90	2862.90	000	2862.90
1993-01-25	2780.30	2853.90	2763.90	2807.20	000	2807.20
1993-01-18	2766.60	2794.60	2727.60	2781.20	000	2781.20
1993-01-11	2800.70	2801.40	2740.70	2765.10	000	2765.10
1993-01-04	2841.80	2870.20	2797.90	2799.20	000	2799.20