Date	Open	High	Low	Close	Volume	Adj Close
2012-12-26	2789.79	2869.76	2789.79	2854.29	000	2854.29
2012-12-17	2699.51	2887.33	2699.10	2786.40	000	2786.40
2012-12-10	2480.18	2700.58	2478.51	2696.98	000	2696.98
2012-12-03	2427.49	2489.59	2414.45	2480.03	000	2480.03
2012-11-27	2343.32	2425.38	2305.38	2419.30	000	2419.30
2012-11-19	2290.82	2339.92	2234.86	2339.92	000	2339.92
2012-11-12	2389.10	2395.30	2277.77	2283.09	000	2283.09
2012-11-05	2395.13	2405.85	2355.25	2390.05	000	2390.05
2012-10-29	2380.33	2395.13	2314.10	2395.13	000	2395.13
2012-10-22	2428.05	2457.16	2357.12	2380.33	000	2380.33
2012-10-15	2401.26	2475.58	2386.97	2428.05	000	2428.05
2012-10-09	2476.20	2476.20	2376.82	2400.13	000	2400.13
2012-10-01	2450.99	2500.78	2445.48	2485.76	000	2485.76
2012-09-25	2586.59	2586.59	2447.46	2451.73	000	2451.73
2012-09-17	2536.70	2540.33	2467.79	2531.75	000	2531.75
2012-09-10	2385.46	2576.01	2363.74	2543.86	000	2543.86
2012-09-03	2408.49	2423.62	2358.81	2381.96	000	2381.96
2012-08-27	2458.81	2473.94	2403.44	2408.38	000	2408.38
2012-08-21	2458.36	2467.73	2424.10	2458.81	000	2458.81
2012-08-13	2408.73	2484.43	2389.92	2459.95	000	2459.95
2012-08-06	2398.58	2483.74	2360.25	2410.85	000	2410.85
2012-07-30	2437.75	2440.37	2355.81	2396.78	000	2396.78
2012-07-23	2399.29	2444.12	2363.53	2435.96	000	2435.96
2012-07-16	2382.25	2527.48	2366.32	2459.41	000	2459.41
2012-07-10	2379.20	2381.38	2309.25	2381.38	000	2381.38
2012-07-02	2348.84	2430.07	2337.33	2383.69	000	2383.69
2012-06-25	2335.32	2353.18	2253.39	2346.68	000	2346.68
2012-06-18	2267.75	2353.79	2250.26	2341.49	000	2341.49
2012-06-11	2198.75	2273.02	2139.89	2273.02	000	2273.02
2012-06-04	2216.57	2244.65	2188.85	2198.48	000	2198.48
2012-05-28	2336.81	2377.34	2201.36	2215.18	000	2215.18
2012-05-21	2134.85	2340.26	2134.85	2340.26	000	2340.26
2012-05-14	2303.64	2303.64	2118.07	2134.85	000	2134.85
2012-05-07	2217.30	2389.55	2213.96	2304.61	000	2304.61
2012-05-02	2258.82	2258.82	2186.73	2215.34	000	2215.34
2012-04-23	2338.48	2338.48	2253.13	2271.86	000	2271.86
2012-04-16	2503.70	2510.60	2329.86	2338.48	000	2338.48
2012-04-09	2543.76	2570.11	2490.11	2502.08	000	2502.08
2012-04-03	2683.99	2683.99	2553.11	2557.46	000	2557.46
2012-03-26	2712.94	2719.54	2645.51	2683.99	000	2683.99
2012-03-19	2764.61	2771.35	2666.45	2711.87	000	2711.87
2012-03-12	2660.66	2766.22	2626.04	2765.22	000	2765.22
2012-03-05	2757.30	2767.62	2630.39	2665.20	000	2665.20
2012-02-28	2747.30	2759.93	2633.24	2757.30	000	2757.30
2012-02-22	2799.47	2858.07	2754.43	2762.61	000	2762.61
2012-02-13	2731.78	2811.91	2710.58	2798.83	000	2798.83
2012-02-06	2808.26	2809.52	2687.94	2721.89	000	2721.89
2012-01-30	2830.58	2853.93	2756.68	2810.57	000	2810.57
2012-01-23	2869.91	2976.83	2824.68	2831.58	000	2831.58
2012-01-16	2754.85	2897.11	2719.90	2867.59	000	2867.59
2012-01-09	2770.47	2857.10	2735.03	2753.52	000	2753.52
2012-01-03	2482.92	2777.11	2482.92	2769.75	000	2769.75
2011-12-27	2465.53	2469.32	2411.52	2462.63	000	2462.63
2011-12-19	2435.83	2471.28	2391.85	2466.70	000	2466.70
2011-12-12	2550.07	2550.07	2390.90	2433.40	000	2433.40
2011-12-05	2638.43	2669.27	2555.13	2558.11	000	2558.11
2011-11-29	2427.80	2644.48	2427.80	2629.63	000	2629.63
2011-11-21	2524.92	2524.92	2405.00	2426.00	000	2426.00
2011-11-14	2751.67	2751.67	2499.66	2528.04	000	2528.04
2011-11-07	2758.40	2806.41	2669.48	2751.67	000	2751.67
2011-10-31	3011.06	3011.06	2688.16	2761.36	000	2761.36
2011-10-24	2803.98	3027.94	2803.98	3015.22	000	3015.22
2011-10-17	2716.26	2831.62	2643.51	2797.53	000	2797.53
2011-10-11	2326.75	2717.05	2326.75	2717.05	000	2717.05
2011-10-03	2451.18	2452.66	2212.28	2325.95	000	2325.95
2011-09-26	2489.96	2587.52	2438.97	2463.63	000	2463.63
2011-09-19	2741.80	2754.20	2472.59	2482.63	000	2482.63
2011-09-12	2752.25	2786.08	2655.43	2750.33	000	2750.33
2011-09-05	2868.64	2879.42	2741.94	2753.22	000	2753.22
2011-08-29	2896.24	2988.10	2856.88	2872.11	000	2872.11
2011-08-23	2842.73	2931.88	2835.40	2883.89	000	2883.89
2011-08-15	2968.48	3022.39	2821.76	2825.38	000	2825.38
2011-08-08	3061.23	3061.23	2735.28	2966.99	000	2966.99
2011-08-01	3328.64	3354.09	2985.34	3067.61	000	3067.61
2011-07-25	3360.06	3372.12	3256.91	3321.85	000	3321.85
2011-07-18	3325.83	3370.93	3279.98	3356.35	000	3356.35
2011-07-11	3468.18	3468.18	3290.99	3326.57	000	3326.57
2011-07-04	3396.58	3503.04	3393.14	3470.74	000	3470.74
2011-06-27	3288.27	3400.88	3288.27	3396.00	000	3396.00
2011-06-21	3274.66	3336.07	3263.35	3287.62	000	3287.62
2011-06-13	3229.79	3276.29	3185.16	3269.28	000	3269.28
2011-06-06	3164.30	3233.86	3109.95	3227.77	000	3227.77
2011-05-30	3266.23	3272.21	3133.35	3164.97	000	3164.97
2011-05-23	3374.34	3374.90	3232.74	3265.82	000	3265.82
2011-05-16	3378.61	3414.78	3342.80	3383.79	000	3383.79
2011-05-09	3314.18	3428.46	3294.07	3378.18	000	3378.18
2011-05-02	3407.59	3428.09	3291.95	3315.84	000	3315.84
2011-04-25	3415.96	3419.77	3340.67	3406.02	000	3406.02
2011-04-18	3380.14	3413.94	3290.67	3413.94	000	3413.94
2011-04-11	3481.99	3488.54	3355.02	3381.25	000	3381.25
2011-04-04	3471.76	3541.37	3446.95	3480.39	3400	3480.39
2011-03-28	3350.09	3472.82	3307.01	3471.95	000	3471.95
2011-03-21	3285.63	3350.32	3285.63	3348.83	000	3348.83
2011-03-14	3400.70	3400.70	3166.53	3277.87	000	3277.87
2011-03-09	3469.39	3487.74	3349.74	3403.51	000	3403.51
2011-02-28	3436.55	3492.03	3412.11	3467.72	000	3467.72
2011-02-21	3537.06	3537.06	3367.73	3435.44	000	3435.44
2011-02-14	3466.15	3555.28	3466.15	3537.06	000	3537.06
2011-02-07	3630.93	3639.54	3404.61	3460.04	000	3460.04
2011-01-31	3583.11	3653.61	3572.47	3631.22	000	3631.22
2011-01-24	3656.00	3659.68	3554.46	3583.11	000	3583.11
2011-01-17	3539.06	3700.90	3537.14	3648.26	000	3648.26
2011-01-10	3546.72	3616.19	3497.84	3539.06	000	3539.06
2011-01-03	3523.82	3657.01	3523.82	3546.26	000	3546.26
2010-12-27	3466.15	3538.59	3447.12	3523.59	000	3523.59
2010-12-20	3407.29	3500.22	3403.54	3476.42	000	3476.42
2010-12-13	3390.87	3427.11	3284.39	3403.08	000	3403.08
2010-12-06	3425.11	3524.42	3351.98	3390.87	000	3390.87
2010-11-29	3303.28	3450.49	3246.20	3422.43	000	3422.43
2010-11-23	3230.75	3326.32	3175.54	3302.88	000	3302.88
2010-11-15	3218.92	3277.63	3112.35	3260.80	000	3260.80
2010-11-08	3353.17	3368.76	3198.44	3215.48	000	3215.48
2010-11-01	3011.76	3380.81	3011.76	3352.33	000	3352.33
2010-10-25	2855.87	3007.41	2855.87	3007.41	000	3007.41
2010-10-18	2742.23	2851.91	2712.46	2851.91	000	2851.91
2010-10-12	2699.07	2754.86	2680.68	2735.47	000	2735.47
2010-10-04	2652.73	2700.29	2620.47	2699.49	000	2699.49
2010-09-27	2576.30	2665.86	2575.40	2652.29	000	2652.29
2010-09-20	2474.44	2579.60	2474.44	2577.74	000	2577.74
2010-09-13	2436.77	2478.49	2430.65	2473.43	000	2473.43
2010-09-06	2423.22	2454.11	2404.98	2436.77	000	2436.77
2010-08-30	2349.03	2449.59	2306.58	2423.22	000	2423.22
2010-08-23	2449.60	2449.60	2258.75	2349.07	000	2349.07
2010-08-17	2389.42	2473.47	2389.42	2438.97	000	2438.97
2010-08-09	2421.97	2428.94	2325.31	2367.98	000	2367.98
2010-08-02	2398.54	2473.16	2397.49	2425.33	000	2425.33
2010-07-26	2375.20	2407.38	2365.71	2394.16	000	2394.16
2010-07-19	2284.16	2375.20	2282.96	2375.20	000	2375.20
2010-07-12	2291.86	2319.19	2274.37	2283.07	000	2283.07
2010-07-05	2212.75	2289.60	2198.88	2289.50	000	2289.50
2010-06-28	2318.14	2318.14	2158.03	2217.08	000	2217.08
2010-06-22	2322.92	2348.48	2293.47	2318.14	000	2318.14
2010-06-14	2282.15	2333.37	2276.03	2320.36	000	2320.36
2010-06-07	2184.18	2281.23	2165.73	2281.23	000	2281.23
2010-05-31	2168.57	2239.65	2159.59	2181.21	000	2181.21
2010-05-26	2123.62	2178.32	2060.18	2168.57	000	2168.57
2010-05-17	2212.87	2226.65	2073.94	2123.62	000	2123.62
2010-05-10	2163.17	2318.51	2163.17	2212.87	000	2212.87
2010-05-03	2398.82	2419.18	2096.07	2160.20	000	2160.20
2010-04-26	2453.36	2455.21	2356.15	2396.27	000	2396.27
2010-04-19	2399.68	2447.25	2374.68	2447.03	000	2447.03
2010-04-12	2488.82	2505.37	2385.39	2398.94	000	2398.94
2010-04-05	2398.28	2498.67	2398.28	2487.76	000	2487.76
2010-03-29	2403.28	2423.94	2373.71	2373.71	000	2373.71
2010-03-22	2383.98	2449.95	2375.26	2402.45	000	2402.45
2010-03-15	2359.97	2400.73	2325.89	2381.10	000	2381.10
2010-03-08	2304.01	2360.20	2296.51	2359.97	000	2359.97
2010-03-01	2224.50	2315.57	2224.50	2298.74	000	2298.74
2010-02-22	2335.61	2358.07	2188.46	2221.38	000	2221.38
2010-02-15	2277.07	2336.89	2266.28	2334.99	000	2334.99
2010-02-08	2165.15	2283.76	2165.15	2273.41	000	2273.41
2010-02-01	2296.73	2343.65	2151.10	2165.15	000	2165.15
2010-01-25	2332.63	2343.72	2281.06	2298.55	000	2298.55
2010-01-18	2371.11	2395.34	2303.81	2331.60	000	2331.60
2010-01-11	2357.33	2385.73	2247.57	2371.11	000	2371.11
2010-01-04	2329.81	2411.40	2329.81	2352.76	000	2352.76
2009-12-28	2249.97	2328.14	2249.97	2320.73	000	2320.73
2009-12-21	2220.99	2252.43	2215.41	2249.35	000	2249.35
2009-12-14	2178.05	2241.64	2178.05	2215.45	000	2215.45
2009-12-07	2174.47	2194.34	2138.39	2177.63	000	2177.63
2009-11-30	2188.99	2238.91	2143.46	2174.47	000	2174.47
2009-11-23	2231.50	2278.13	2110.02	2188.58	000	2188.58
2009-11-16	2249.93	2299.52	2207.45	2231.50	000	2231.50
2009-11-09	2230.52	2291.18	2209.65	2233.43	000	2233.43
2009-11-02	2114.65	2260.67	2114.65	2222.81	000	2222.81
2009-10-26	2299.84	2343.29	2099.89	2115.76	000	2115.76
2009-10-19	2205.65	2315.61	2205.20	2295.88	000	2295.88
2009-10-13	2175.51	2228.95	2173.73	2207.28	000	2207.28
2009-10-05	2025.83	2179.65	2025.83	2169.04	000	2169.04
2009-09-28	2014.05	2092.37	1999.30	2024.80	000	2024.80
2009-09-21	2004.75	2061.77	1967.04	2015.83	000	2015.83
2009-09-14	1895.14	2035.74	1895.14	2007.60	000	2007.60
2009-09-07	1799.41	1916.69	1792.14	1900.18	000	1900.18
2009-08-31	1797.02	1798.87	1731.48	1779.25	000	1779.25
2009-08-24	1801.75	1815.93	1750.82	1797.02	000	1797.02
2009-08-18	1721.79	1811.88	1708.59	1797.33	000	1797.33
2009-08-10	1799.53	1804.17	1755.29	1761.61	000	1761.61
2009-08-03	1723.11	1816.56	1723.11	1799.53	000	1799.53
2009-07-27	1677.17	1739.53	1638.78	1719.87	000	1719.87
2009-07-20	1624.51	1689.86	1618.24	1675.10	000	1675.10
2009-07-13	1477.05	1640.47	1477.05	1622.67	000	1622.67
2009-07-06	1558.96	1565.06	1446.00	1477.84	000	1477.84
2009-06-29	1579.37	1632.56	1557.87	1579.12	000	1579.12
2009-06-22	1558.33	1590.82	1493.01	1579.99	000	1579.99
2009-06-16	1646.81	1647.68	1527.78	1559.46	000	1559.46
2009-06-08	1611.80	1696.44	1602.37	1654.56	000	1654.56
2009-06-01	1589.47	1685.21	1589.47	1638.10	000	1638.10
2009-05-26	1553.00	1607.76	1553.00	1587.21	000	1587.21
2009-05-18	1459.96	1597.83	1459.96	1562.40	000	1562.40
2009-05-11	1498.63	1547.09	1426.75	1438.64	000	1438.64
2009-05-04	1276.38	1500.06	1275.25	1500.06	000	1500.06
2009-04-27	1256.62	1293.06	1234.31	1275.25	000	1275.25
2009-04-20	1257.64	1268.17	1180.48	1259.23	000	1259.23
2009-04-13	1166.24	1264.03	1166.24	1258.47	000	1258.47
2009-04-06	1188.16	1192.18	1140.61	1163.10	000	1163.10
2009-03-30	1161.91	1196.97	1109.23	1196.97	000	1196.97
2009-03-23	1073.76	1173.01	1073.76	1165.27	000	1165.27
2009-03-16	1044.29	1095.17	1027.88	1069.53	000	1069.53
2009-03-09	965.02	1046.69	952.44	1043.33	000	1043.33
2009-03-02	1016.42	1016.42	914.07	965.02	000	965.02
2009-02-23	1047.70	1051.23	991.93	1019.29	000	1019.29
2009-02-16	1137.03	1137.03	1025.28	1048.63	000	1048.63
2009-02-09	1144.08	1166.50	1080.56	1134.89	000	1134.89
2009-02-02	1070.41	1152.15	1051.50	1143.82	000	1143.82
2009-01-26	1066.66	1116.49	1055.49	1077.09	000	1077.09
2009-01-19	1098.25	1108.45	1026.50	1066.51	000	1066.51
2009-01-12	1177.91	1177.91	1058.49	1097.96	000	1097.96
2009-01-05	1143.76	1215.52	1136.10	1179.55	000	1179.55
2008-12-29	1074.45	1143.33	1069.88	1143.33	000	1143.33
2008-12-22	1095.76	1104.38	1037.26	1058.57	000	1058.57
2008-12-15	1099.08	1161.56	1086.02	1095.93	000	1095.93
2008-12-09	1015.18	1103.30	1015.18	1098.20	000	1098.20
2008-12-01	993.99	1005.64	919.28	1005.34	000	1005.34
2008-11-24	829.74	994.77	829.74	993.99	000	993.99
2008-11-17	1022.81	1022.81	821.82	828.99	000	828.99
2008-11-10	1101.54	1138.79	965.02	1022.81	000	1022.81
2008-11-03	1014.60	1136.48	1011.88	1096.60	000	1096.60
2008-10-27	890.27	1028.73	819.36	1010.79	000	1010.79
2008-10-20	1213.03	1236.71	858.55	890.27	000	890.27
2008-10-14	1267.07	1392.76	1141.02	1216.02	000	1216.02
2008-10-06	1508.59	1508.59	1157.75	1215.99	000	1215.99
2008-09-29	1686.03	1686.03	1500.68	1512.71	000	1512.71
2008-09-22	1657.70	1751.62	1651.63	1692.40	000	1692.40
2008-09-15	1643.66	1662.52	1433.32	1662.52	000	1662.52
2008-09-08	1682.69	1709.19	1573.32	1647.65	000	1647.65
2008-09-01	1777.35	1793.89	1652.00	1678.74	000	1678.74
2008-08-25	1761.17	1788.96	1738.89	1777.14	000	1777.14
2008-08-19	1733.87	1760.98	1713.70	1760.98	000	1760.98
2008-08-11	1777.06	1777.73	1686.24	1733.79	000	1733.79
2008-08-04	1877.54	1879.30	1761.40	1776.66	000	1776.66
2008-07-28	1910.64	1956.22	1879.50	1884.06	000	1884.06
2008-07-21	1912.56	1982.50	1890.49	1910.23	000	1910.23
2008-07-14	1910.22	1929.65	1865.61	1907.11	000	1907.11
2008-07-07	2004.30	2024.70	1890.32	1906.52	000	1906.52
2008-06-30	2095.79	2115.08	1987.86	2006.44	000	2006.44
2008-06-23	2070.79	2103.84	2062.26	2093.01	000	2093.01
2008-06-17	2070.13	2078.31	2026.77	2066.28	000	2066.28
2008-06-09	2180.36	2183.62	2046.25	2066.44	000	2066.44
2008-06-02	2204.43	2211.43	2134.92	2179.72	000	2179.72
2008-05-26	2235.10	2239.38	2197.32	2205.72	000	2205.72
2008-05-19	2141.91	2257.25	2140.02	2235.33	000	2235.33
2008-05-12	2113.64	2138.63	2083.92	2137.01	000	2137.01
2008-05-05	2110.22	2128.72	2083.03	2114.44	000	2114.44
2008-04-28	2101.97	2124.31	2069.29	2107.63	000	2107.63
2008-04-21	2186.74	2204.32	2095.38	2101.40	000	2101.40
2008-04-14	2115.89	2191.11	2103.43	2186.47	000	2186.47
2008-04-07	2152.29	2169.79	2111.62	2115.12	000	2115.12
2008-03-31	2089.86	2160.13	2084.19	2152.03	000	2152.03
2008-03-25	2021.44	2095.24	2021.44	2089.71	000	2089.71
2008-03-17	2115.94	2115.94	2010.31	2014.06	000	2014.06
2008-03-10	2129.84	2149.91	2095.34	2117.10	000	2117.10
2008-03-03	2162.20	2188.60	2121.27	2129.84	000	2129.84
2008-02-25	2092.22	2199.12	2091.15	2162.20	000	2162.20
2008-02-19	2061.11	2097.83	2047.63	2088.36	000	2088.36
2008-02-11	1992.83	2060.02	1980.70	2039.09	000	2039.09
2008-02-04	2047.27	2084.55	1987.21	1992.62	000	1992.62
2008-01-28	1981.15	2046.46	1964.39	2045.14	000	2045.14
2008-01-21	1996.48	2009.02	1861.12	1982.73	000	1982.73
2008-01-14	2083.52	2132.38	1973.02	2002.46	000	2002.46
2008-01-07	2128.94	2148.01	2068.71	2082.93	000	2082.93
2008-01-02	2162.18	2163.98	2114.72	2128.94	000	2128.94
2007-12-26	2145.54	2183.03	2145.54	2151.73	000	2151.73
2007-12-17	2184.49	2184.49	2097.05	2145.25	000	2145.25
2007-12-10	2241.35	2265.13	2178.32	2184.49	000	2184.49
2007-12-03	2207.80	2255.59	2184.49	2238.86	000	2238.86
2007-11-26	2213.99	2256.43	2159.28	2207.16	000	2207.16
2007-11-19	2280.06	2282.18	2193.66	2212.04	000	2212.04
2007-11-12	2308.88	2337.62	2261.06	2281.16	000	2281.16
2007-11-05	2336.76	2336.76	2257.41	2314.23	000	2314.23
2007-10-29	2336.09	2354.73	2305.70	2336.70	000	2336.70
2007-10-22	2232.65	2328.65	2201.51	2327.15	000	2327.15
2007-10-15	2262.11	2271.28	2221.20	2236.87	000	2236.87
2007-10-08	2277.32	2298.70	2226.33	2262.11	000	2262.11
2007-10-01	2187.96	2286.74	2187.96	2277.75	000	2277.75
2007-09-24	2122.37	2198.25	2122.37	2187.97	000	2187.97
2007-09-17	2049.28	2142.22	2025.31	2121.71	000	2121.71
2007-09-10	2044.15	2052.90	2002.03	2048.91	000	2048.91
2007-09-03	2062.08	2085.50	2033.49	2041.04	000	2041.04
2007-08-27	2081.45	2083.99	1980.73	2062.08	000	2062.08
2007-08-21	1932.91	2081.57	1932.91	2081.45	000	2081.45
2007-08-13	2053.37	2097.36	1751.75	1929.12	000	1929.12
2007-08-06	2146.77	2171.84	2031.08	2053.13	000	2053.13
2007-07-30	2153.24	2221.75	2147.19	2148.42	000	2148.42
2007-07-23	2277.47	2303.43	2132.69	2149.89	000	2149.89
2007-07-16	2288.06	2290.19	2237.71	2277.47	000	2277.47
2007-07-10	2249.01	2289.17	2249.01	2287.82	000	2287.82
2007-07-02	2195.64	2263.27	2195.48	2249.01	000	2249.01
2007-06-25	2226.53	2234.75	2185.59	2190.87	000	2190.87
2007-06-19	2216.58	2249.32	2214.28	2229.90	000	2229.90
2007-06-11	2170.18	2221.32	2134.98	2216.58	000	2216.58
2007-06-04	2248.31	2248.31	2152.78	2169.28	000	2169.28
2007-05-28	2170.56	2256.29	2170.56	2249.36	000	2249.36
2007-05-21	2188.94	2223.70	2162.98	2172.35	000	2172.35
2007-05-14	2128.92	2186.39	2120.42	2186.39	000	2186.39
2007-05-07	2163.73	2163.73	2097.72	2128.25	000	2128.25
2007-04-30	2198.03	2201.04	2137.78	2163.73	000	2163.73
2007-04-23	2217.57	2223.44	2170.63	2197.77	000	2197.77
2007-04-16	2213.88	2234.56	2181.49	2216.60	000	2216.60
2007-04-09	2126.55	2214.96	2124.43	2212.98	000	2212.98
2007-04-03	2104.27	2127.48	2104.27	2127.48	000	2127.48
2007-03-26	2085.51	2102.80	2053.41	2102.78	000	2102.78
2007-03-19	1987.06	2092.93	1987.06	2085.51	000	2085.51
2007-03-12	2036.46	2068.18	1957.26	1985.79	000	1985.79
2007-03-05	1984.27	2055.63	1905.92	2036.46	000	2036.46
2007-02-26	2206.67	2222.11	1975.97	1997.64	000	1997.64
2007-02-19	2147.06	2225.56	2145.49	2202.45	000	2202.45
2007-02-12	2100.55	2150.41	2086.66	2145.49	000	2145.49
2007-02-05	2081.27	2127.82	2068.42	2100.24	000	2100.24
2007-01-29	2039.46	2093.42	2019.93	2081.27	000	2081.27
2007-01-22	2037.97	2073.03	2034.46	2039.46	000	2039.46
2007-01-15	2070.36	2083.95	2023.17	2037.32	000	2037.32
2007-01-08	2069.58	2080.97	2010.24	2072.62	000	2072.62
2007-01-02	2087.85	2148.21	2043.12	2063.88	000	2063.88
2006-12-26	2058.09	2097.33	2049.72	2090.46	000	2090.46
2006-12-18	2052.94	2064.69	2015.35	2057.51	000	2057.51
2006-12-11	1969.55	2070.14	1962.82	2049.65	000	2049.65
2006-12-04	1930.63	1987.58	1930.48	1969.55	000	1969.55
2006-11-27	1943.92	1972.42	1887.73	1929.46	000	1929.46
2006-11-20	1886.84	1943.63	1886.84	1943.63	000	1943.63
2006-11-13	1885.55	1927.12	1861.42	1886.92	000	1886.92
2006-11-07	1846.83	1908.02	1836.66	1885.55	000	1885.55
2006-10-30	1784.89	1843.31	1766.45	1841.96	000	1841.96
2006-10-23	1701.60	1790.04	1691.90	1784.60	000	1784.60
2006-10-17	1679.31	1708.11	1667.88	1701.60	000	1701.60
2006-10-09	1646.22	1671.81	1620.38	1664.57	000	1664.57
2006-10-02	1638.05	1654.96	1621.07	1644.93	000	1644.93
2006-09-25	1633.73	1660.35	1600.76	1637.27	000	1637.27
2006-09-18	1630.05	1672.43	1629.24	1638.45	000	1638.45
2006-09-11	1632.04	1639.48	1580.86	1627.75	000	1627.75
2006-09-04	1670.08	1682.86	1632.68	1632.68	000	1632.68
2006-08-28	1676.81	1682.42	1657.20	1677.85	000	1677.85
2006-08-22	1655.87	1680.53	1642.75	1676.81	000	1676.81
2006-08-14	1619.65	1656.59	1584.59	1655.87	000	1655.87
2006-08-07	1680.03	1683.47	1612.88	1618.88	000	1618.88
2006-07-31	1689.65	1719.77	1678.56	1683.90	000	1683.90
2006-07-24	1621.11	1698.00	1621.11	1689.65	000	1689.65
2006-07-17	1654.05	1671.19	1587.76	1620.45	000	1620.45
2006-07-10	1704.68	1725.71	1632.05	1654.46	000	1654.46
2006-07-03	1722.24	1730.77	1670.00	1704.68	000	1704.68
2006-06-26	1604.82	1719.15	1595.29	1711.09	000	1711.09
2006-06-20	1568.33	1601.68	1547.63	1589.12	000	1589.12
2006-06-12	1584.39	1584.39	1486.56	1578.49	000	1578.49
2006-06-05	1694.01	1703.86	1551.51	1584.39	000	1584.39
2006-05-29	1679.34	1708.74	1634.45	1693.50	000	1693.50
2006-05-22	1655.72	1677.86	1537.53	1677.86	000	1677.86
2006-05-15	1778.90	1802.10	1626.17	1655.51	000	1655.51
2006-05-08	1895.23	1905.19	1801.60	1806.68	000	1806.68
2006-05-02	1911.26	1921.61	1841.82	1894.48	000	1894.48
2006-04-24	1916.57	1952.93	1868.47	1908.61	000	1908.61
2006-04-17	1859.25	1924.80	1859.25	1918.73	000	1918.73
2006-04-10	1830.62	1861.19	1828.17	1850.11	000	1850.11
2006-04-03	1803.14	1871.67	1798.69	1830.62	000	1830.62
2006-03-27	1795.11	1832.90	1795.11	1800.58	000	1800.58
2006-03-20	1810.63	1829.37	1782.50	1794.12	000	1794.12
2006-03-13	1762.56	1824.04	1757.34	1810.63	000	1810.63
2006-03-06	1825.60	1850.62	1742.74	1762.56	000	1762.56
2006-02-27	1728.75	1824.58	1704.30	1823.56	000	1823.56
2006-02-20	1699.49	1743.59	1699.49	1726.65	000	1726.65
2006-02-13	1695.48	1705.83	1648.17	1699.49	000	1699.49
2006-02-06	1704.12	1731.27	1676.15	1695.48	000	1695.48
2006-01-30	1755.55	1794.96	1691.09	1703.33	000	1703.33
2006-01-23	1710.68	1751.07	1681.76	1739.83	000	1739.83
2006-01-16	1646.52	1719.96	1641.90	1701.88	000	1701.88
2006-01-09	1616.81	1659.17	1604.28	1645.24	000	1645.24
2006-01-02	1545.14	1623.68	1542.62	1616.29	000	1616.29
2005-12-26	1529.67	1564.00	1524.74	1543.31	000	1543.31
2005-12-19	1524.50	1531.62	1487.17	1529.12	000	1529.12
2005-12-12	1538.84	1557.89	1502.89	1524.50	000	1524.50
2005-12-05	1545.34	1580.30	1521.92	1535.28	000	1535.28
2005-11-28	1629.63	1630.57	1516.36	1543.68	000	1543.68
2005-11-21	1607.67	1641.61	1601.52	1629.63	000	1629.63
2005-11-14	1591.95	1615.66	1553.44	1603.75	000	1603.75
2005-11-07	1671.42	1674.31	1566.66	1592.51	000	1592.51
2005-10-31	1604.79	1690.40	1601.84	1672.01	000	1672.01
2005-10-24	1594.21	1632.22	1573.39	1602.63	000	1602.63
2005-10-17	1603.71	1616.93	1556.26	1593.11	000	1593.11
2005-10-11	1661.12	1661.12	1556.77	1603.71	000	1603.71
2005-10-03	1698.23	1738.44	1608.32	1655.90	000	1655.90
2005-09-26	1659.63	1725.81	1652.60	1694.83	000	1694.83
2005-09-19	1638.60	1665.78	1635.16	1658.84	000	1658.84
2005-09-12	1611.47	1643.80	1581.17	1628.13	000	1628.13
2005-09-05	1593.47	1625.53	1592.98	1611.47	000	1611.47
2005-08-29	1568.22	1624.33	1567.39	1592.68	000	1592.68
2005-08-22	1495.42	1579.89	1495.42	1564.76	000	1564.76
2005-08-16	1480.53	1501.57	1466.38	1495.42	000	1495.42
2005-08-08	1520.50	1530.32	1467.88	1479.33	000	1479.33
2005-08-01	1517.30	1541.45	1503.10	1517.90	000	1517.90
2005-07-25	1484.37	1521.65	1447.15	1507.59	000	1507.59
2005-07-18	1462.94	1504.38	1460.43	1481.79	000	1481.79
2005-07-11	1386.77	1478.21	1386.77	1462.94	000	1462.94
2005-07-04	1361.84	1409.73	1343.26	1386.77	000	1386.77
2005-06-27	1443.95	1444.78	1340.09	1361.32	000	1361.32
2005-06-21	1443.99	1471.50	1423.67	1444.61	000	1444.61
2005-06-13	1435.73	1464.62	1416.44	1443.99	000	1443.99
2005-06-06	1507.65	1509.43	1432.68	1435.30	000	1435.30
2005-05-30	1460.72	1541.31	1460.72	1506.12	000	1506.12
2005-05-23	1435.74	1461.61	1435.74	1460.72	000	1460.72
2005-05-16	1440.66	1477.70	1434.98	1435.08	000	1435.08
2005-05-09	1429.37	1464.25	1367.23	1439.61	000	1439.61
2005-05-02	1349.09	1458.57	1349.09	1429.37	000	1429.37
2005-04-25	1354.68	1377.70	1322.58	1348.35	000	1348.35
2005-04-18	1290.62	1359.81	1290.62	1354.68	000	1354.68
2005-04-11	1415.33	1418.20	1265.97	1276.48	000	1276.48
2005-04-04	1424.97	1427.68	1382.89	1415.33	000	1415.33
2005-03-28	1363.79	1433.36	1325.09	1424.31	000	1424.31
2005-03-21	1458.35	1458.35	1357.92	1364.28	000	1364.28
2005-03-14	1437.17	1471.05	1367.45	1458.19	000	1458.19
2005-03-07	1581.17	1613.86	1419.48	1435.95	000	1435.95
2005-02-28	1603.47	1619.26	1548.73	1581.36	000	1581.36
2005-02-21	1556.78	1607.47	1510.92	1600.32	000	1600.32
2005-02-14	1496.91	1566.00	1486.82	1557.77	000	1557.77
2005-02-07	1429.39	1511.13	1419.66	1496.91	000	1496.91
2005-01-31	1381.80	1430.37	1359.07	1428.54	000	1428.54
2005-01-24	1325.74	1389.63	1306.70	1381.92	000	1381.92
2005-01-17	1344.70	1352.26	1313.42	1325.74	000	1325.74
2005-01-10	1309.83	1358.55	1309.45	1344.70	000	1344.70
2005-01-03	1376.01	1390.30	1298.37	1309.45	000	1309.45
2004-12-27	1366.90	1408.10	1363.08	1375.37	000	1375.37
2004-12-20	1256.35	1374.65	1256.35	1366.69	000	1366.69
2004-12-13	1234.78	1259.62	1225.87	1255.84	000	1255.84
2004-12-06	1220.28	1239.24	1189.89	1234.30	000	1234.30
2004-11-29	1183.16	1236.06	1156.66	1218.75	000	1218.75
2004-11-22	1253.36	1253.36	1173.94	1183.16	000	1183.16
2004-11-15	1259.30	1278.52	1216.29	1254.45	000	1254.45
2004-11-08	1325.51	1339.64	1255.41	1257.60	000	1257.60
2004-11-01	1287.73	1334.09	1271.82	1325.17	000	1325.17
2004-10-25	1204.88	1309.30	1183.65	1287.14	000	1287.14
2004-10-18	1229.04	1262.39	1195.71	1204.46	000	1204.46
2004-10-12	1127.80	1233.78	1113.31	1228.85	000	1228.85
2004-10-04	1162.62	1175.21	1122.04	1128.74	000	1128.74
2004-09-27	1098.98	1166.24	1094.50	1160.12	000	1160.12
2004-09-20	1057.28	1113.80	1057.28	1098.98	000	1098.98
2004-09-13	1003.10	1062.37	1003.10	1056.90	000	1056.90
2004-09-06	986.86	1006.08	979.72	1002.55	000	1002.55
2004-08-30	950.55	987.00	948.98	986.55	000	986.55
2004-08-23	937.26	952.23	924.11	950.55	000	950.55
2004-08-17	934.18	957.73	926.94	937.26	000	937.26
2004-08-09	964.40	968.64	932.47	934.03	000	934.03
2004-08-02	963.44	994.90	955.04	964.11	000	964.11
2004-07-26	975.42	975.57	927.79	966.10	000	966.10
2004-07-19	961.61	994.67	950.38	975.42	000	975.42
2004-07-12	985.80	991.51	947.48	961.61	000	961.61
2004-07-05	967.68	986.59	963.55	985.54	000	985.54
2004-06-28	931.76	970.33	918.75	967.68	000	967.68
2004-06-22	950.67	967.92	915.32	931.76	000	931.76
2004-06-14	885.41	951.26	853.33	951.17	000	951.17
2004-06-07	928.68	940.66	880.73	885.41	000	885.41
2004-05-31	970.42	982.78	918.43	928.68	000	928.68
2004-05-24	934.92	979.63	923.22	970.42	000	970.42
2004-05-17	892.68	929.85	828.34	920.79	000	920.79
2004-05-10	1005.87	1005.87	883.46	900.43	000	900.43
2004-05-03	1078.05	1096.10	990.70	1005.87	000	1005.87
2004-04-26	1144.18	1165.80	1073.75	1077.93	000	1077.93
2004-04-19	1164.30	1170.21	1075.24	1142.96	000	1142.96
2004-04-12	1182.36	1205.32	1161.40	1162.80	000	1162.80
2004-04-06	1198.04	1202.49	1169.27	1182.36	000	1182.36
2004-03-29	1210.43	1221.38	1178.77	1197.54	000	1197.54
2004-03-22	1275.20	1294.06	1211.01	1211.03	000	1211.03
2004-03-15	1259.29	1279.85	1229.91	1275.20	000	1275.20
2004-03-08	1156.76	1259.63	1129.43	1258.74	000	1258.74
2004-03-01	1183.14	1221.57	1151.55	1157.56	000	1157.56
2004-02-23	1147.43	1211.08	1147.43	1183.14	000	1183.14
2004-02-16	1088.80	1145.94	1088.80	1145.94	000	1145.94
2004-02-09	1053.06	1106.57	997.28	1089.99	000	1089.99
2004-02-02	1141.08	1165.96	1042.36	1053.26	000	1053.26
2004-01-26	1163.36	1218.14	1122.42	1140.81	000	1140.81
2004-01-19	1207.73	1267.45	1153.34	1163.60	000	1163.60
2004-01-12	1195.40	1225.38	1169.61	1208.18	000	1208.18
2004-01-05	1102.37	1199.03	1102.37	1195.40	000	1195.40
2003-12-29	1044.70	1108.48	1044.70	1101.51	000	1101.51
2003-12-22	999.27	1048.00	994.65	1044.70	000	1044.70
2003-12-15	997.76	1021.91	976.65	999.69	000	999.69
2003-12-09	1030.10	1033.18	969.16	994.98	000	994.98
2003-12-01	996.78	1029.94	988.24	1027.27	000	1027.27
2003-11-24	946.59	1005.71	946.59	996.56	000	996.56
2003-11-17	932.21	945.68	909.03	945.02	000	945.02
2003-11-10	960.59	960.93	907.25	932.21	000	932.21
2003-11-03	929.89	969.01	929.89	963.06	000	963.06
2003-10-27	924.74	958.70	912.71	929.89	000	929.89
2003-10-20	879.36	926.30	879.36	923.73	000	923.73
2003-10-14	864.46	882.42	864.46	877.84	000	877.84
2003-10-06	831.11	872.18	822.46	863.44	000	863.44
2003-09-29	810.76	840.86	810.76	830.16	000	830.16
2003-09-22	779.09	816.20	771.17	810.26	000	810.26
2003-09-15	765.08	807.47	764.36	781.69	000	781.69
2003-09-08	749.96	779.19	725.03	764.65	000	764.65
2003-09-01	713.33	753.69	708.11	750.87	000	750.87
2003-08-25	682.98	718.82	682.29	713.33	000	713.33
2003-08-19	714.07	714.64	661.24	683.87	000	683.87
2003-08-11	740.47	742.10	701.63	713.66	000	713.66
2003-08-04	748.42	759.07	736.47	740.25	000	740.25
2003-07-28	734.43	776.69	726.11	748.78	000	748.78
2003-07-21	747.19	755.12	729.61	733.76	000	733.76
2003-07-14	709.61	743.24	685.53	743.24	000	743.24
2003-07-07	728.62	747.40	699.19	710.50	000	710.50
2003-06-30	739.95	768.43	708.87	727.28	000	727.28
2003-06-23	801.00	815.77	721.84	733.85	000	733.85
2003-06-17	776.77	808.36	766.09	801.17	000	801.17
2003-06-09	718.89	787.37	712.62	768.39	000	768.39
2003-06-02	679.43	719.39	679.43	718.70	000	718.70
2003-05-26	653.87	687.43	653.87	678.31	000	678.31
2003-05-19	648.06	672.62	611.09	653.26	000	653.26
2003-05-12	637.72	651.03	609.39	646.15	000	646.15
2003-05-05	659.16	671.00	624.29	637.58	000	637.58
2003-04-28	648.77	659.65	606.78	658.25	000	658.25
2003-04-21	608.50	682.69	608.50	665.97	000	665.97
2003-04-14	569.09	605.33	569.09	600.62	000	600.62
2003-04-07	571.51	576.52	557.73	567.81	000	567.81
2003-04-01	566.66	574.33	557.35	569.09	000	569.09
2003-03-24	583.28	583.28	558.98	566.46	000	566.46
2003-03-17	560.18	585.51	551.60	585.35	000	585.35
2003-03-10	582.08	583.42	545.00	560.18	000	560.18
2003-03-03	594.43	600.77	579.39	581.51	000	581.51
2003-02-24	590.48	598.36	575.53	593.82	000	593.82
2003-02-17	580.51	590.20	577.87	590.20	000	590.20
2003-02-10	564.99	592.13	562.22	580.51	000	580.51
2003-02-03	550.18	574.84	547.35	564.89	000	564.89
2003-01-27	557.81	561.00	543.22	549.85	000	549.85
2003-01-20	577.03	577.99	553.41	557.81	000	557.81
2003-01-13	575.77	606.36	569.30	577.20	000	577.20
2003-01-06	530.64	609.98	530.64	575.80	000	575.80
2002-12-30	518.18	530.64	518.11	530.64	000	530.64
2002-12-23	506.56	531.65	506.56	517.93	000	517.93
2002-12-16	469.69	507.37	469.69	503.90	000	503.90
2002-12-09	516.08	517.14	464.51	469.69	000	469.69
2002-12-02	497.81	529.43	497.81	517.03	000	517.03
2002-11-25	488.23	518.52	486.96	497.79	000	497.79
2002-11-18	452.18	498.29	451.12	486.51	000	486.51
2002-11-11	437.60	463.96	432.81	452.08	000	452.08
2002-11-04	431.33	449.64	422.82	439.64	000	439.64
2002-10-28	444.36	449.20	423.28	430.47	000	430.47
2002-10-21	449.28	454.66	426.70	444.11	000	444.11
2002-10-15	425.93	450.68	423.29	449.17	000	449.17
2002-10-07	411.96	429.88	396.60	419.12	000	419.12
2002-09-30	394.29	412.80	391.05	410.82	000	410.82
2002-09-23	378.03	394.06	373.00	393.57	000	393.57
2002-09-16	386.44	388.92	374.26	376.79	000	376.79
2002-09-09	371.88	396.64	371.58	387.39	000	387.39
2002-09-02	375.15	376.22	367.37	371.88	000	371.88
2002-08-26	387.66	389.22	375.16	375.16	000	375.16
2002-08-20	382.58	391.33	378.62	387.09	000	387.09
2002-08-12	375.52	382.39	362.72	382.39	000	382.39
2002-08-05	357.58	375.52	340.08	375.52	000	375.52
2002-07-29	356.19	364.13	351.51	357.43	000	357.43
2002-07-22	380.44	389.14	353.22	355.85	000	355.85
2002-07-15	371.03	390.80	355.43	379.48	000	379.48
2002-07-08	389.85	414.58	360.08	371.03	000	371.03
2002-07-01	359.25	399.29	351.25	382.75	000	382.75
2002-06-24	309.26	354.52	305.67	350.65	000	350.65
2002-06-18	277.73	339.37	277.73	313.11	000	313.11
2002-06-10	296.24	298.65	265.97	267.73	000	267.73
2002-06-03	319.09	323.57	287.35	294.61	000	294.61
2002-05-27	330.42	350.62	316.48	317.55	000	317.55
2002-05-20	375.02	382.39	330.42	330.42	000	330.42
2002-05-13	387.54	390.77	362.26	372.71	000	372.71
2002-05-06	405.84	416.44	377.54	387.54	000	387.54
2002-04-29	419.10	425.83	379.73	405.84	000	405.84
2002-04-15	387.34	431.50	362.34	419.68	000	419.68
2002-04-08	398.81	399.56	377.75	386.59	000	386.59
2002-04-02	436.22	447.40	396.59	401.06	000	401.06
2002-03-25	432.09	449.75	417.06	436.13	000	436.13
2002-03-18	393.18	444.08	389.54	432.29	000	432.29
2002-03-11	394.36	411.73	369.95	390.67	000	390.67
2002-03-04	413.42	413.42	369.77	389.62	000	389.62
2002-02-25	369.56	418.94	369.56	405.87	000	405.87
2002-02-18	376.15	410.73	362.25	367.94	000	367.94
2002-02-11	457.00	457.54	359.00	376.15	000	376.15
2002-02-06	444.92	489.52	435.46	457.54	000	457.54
2002-01-28	408.66	471.58	407.53	444.92	000	444.92
2002-01-21	414.86	500.59	392.24	406.50	000	406.50
2002-01-17	322.97	422.30	318.92	414.86	000	414.86
2002-01-02	307.26	345.87	296.19	343.22	000	343.22
2001-12-17	252.67	320.49	245.99	295.39	000	295.39
2001-12-10	253.20	258.80	231.74	252.67	000	252.67
2001-12-03	203.25	270.75	203.25	254.42	000	254.42
2001-11-26	214.44	224.56	193.40	202.45	000	202.45
2001-11-19	219.64	222.92	202.93	213.23	000	213.23
2001-11-12	227.90	229.86	218.33	219.64	000	219.64
2001-11-05	222.50	244.41	222.50	228.36	000	228.36
2001-10-29	238.57	238.57	208.97	222.50	000	222.50
2001-10-22	255.44	256.92	237.94	240.39	000	240.39
2001-10-15	232.97	258.95	229.53	253.17	000	253.17
2001-10-09	212.04	235.49	210.22	232.97	000	232.97
2001-10-01	241.87	244.96	201.89	214.87	000	214.87
2001-09-24	239.64	251.82	239.64	243.55	000	243.55
2001-09-17	265.41	275.89	234.50	239.50	000	239.50
2001-09-10	299.53	299.53	248.04	266.03	000	266.03
2001-09-03	319.89	321.55	298.48	300.10	000	300.10
2001-08-27	316.59	329.25	312.81	319.89	000	319.89
2001-08-21	312.25	329.90	302.99	316.59	000	316.59
2001-08-13	331.50	337.01	313.99	314.50	000	314.50
2001-08-06	311.88	333.00	300.96	331.51	000	331.51
2001-07-30	326.74	334.14	302.15	312.44	000	312.44
2001-07-23	337.12	345.78	315.84	322.80	000	322.80
2001-07-16	327.39	343.17	315.92	334.11	000	334.11
2001-07-10	370.56	370.56	293.23	329.08	000	329.08
2001-07-02	402.23	408.21	363.24	369.81	000	369.81
2001-06-25	417.47	426.01	400.49	402.25	000	402.25
2001-06-19	435.07	435.07	414.91	415.67	000	415.67
2001-06-11	451.40	455.32	431.24	438.22	000	438.22
2001-06-04	437.15	454.92	435.55	451.40	000	451.40
2001-05-28	440.73	440.77	425.95	435.80	000	435.80
2001-05-21	428.13	444.59	428.13	440.73	000	440.73
2001-05-14	415.21	439.02	412.89	428.05	000	428.05
2001-05-07	443.63	449.73	417.35	419.43	000	419.43
2001-04-30	449.36	450.90	424.44	442.28	000	442.28
2001-04-23	418.83	449.50	408.59	449.36	000	449.36
2001-04-16	454.36	468.70	419.52	420.16	000	420.16
2001-04-09	452.94	470.24	452.94	456.16	000	456.16
2001-04-03	442.00	453.48	427.99	452.94	000	452.94
2001-03-26	437.58	465.44	436.26	443.81	000	443.81
2001-03-19	445.28	448.91	396.20	429.25	000	429.25
2001-03-12	476.83	476.83	439.42	442.99	000	442.99
2001-03-05	458.98	490.31	458.98	477.29	000	477.29
2001-02-26	460.41	461.46	429.20	448.81	000	448.81
2001-02-19	483.15	485.72	448.34	460.41	000	460.41
2001-02-12	504.24	510.12	482.78	483.15	000	483.15
2001-02-05	517.39	517.78	502.58	504.46	000	504.46
2001-01-29	524.63	535.97	515.46	517.79	000	517.79
2001-01-22	526.46	540.16	524.27	525.19	000	525.19
2001-01-15	499.55	527.52	498.30	526.80	000	526.80
2001-01-08	464.08	507.93	462.32	499.55	000	499.55
2001-01-02	418.51	468.14	417.90	464.08	000	464.08
2000-12-26	421.53	423.09	415.42	416.77	000	416.77
2000-12-18	406.30	423.97	402.05	420.37	000	420.37
2000-12-11	411.45	423.06	400.48	405.15	000	405.15
2000-12-04	402.31	418.99	398.51	411.27	000	411.27
2000-11-27	419.22	424.22	396.57	402.33	000	402.33
2000-11-20	424.40	426.67	412.49	418.07	000	418.07
2000-11-13	434.50	447.02	421.33	424.40	000	424.40
2000-11-07	427.65	435.35	422.11	434.50	000	434.50
2000-10-30	435.61	440.90	426.27	427.81	000	427.81
2000-10-23	424.92	436.77	396.39	436.77	000	436.77
2000-10-17	436.90	436.90	408.09	425.13	000	425.13
2000-10-09	465.08	465.08	428.88	436.90	000	436.90
2000-10-02	475.40	480.18	464.39	464.98	000	464.98
2000-09-25	484.50	487.44	471.27	475.42	000	475.42
2000-09-18	487.90	487.90	472.85	483.52	000	483.52
2000-09-11	487.45	491.73	480.66	487.90	000	487.90
2000-09-04	496.11	500.99	487.67	488.43	000	488.43
2000-08-28	475.67	498.63	469.15	496.41	000	496.41
2000-08-22	462.28	475.29	456.87	475.24	000	475.24
2000-08-14	491.99	492.51	461.56	463.26	000	463.26
2000-08-07	486.26	503.09	486.26	491.99	000	491.99
2000-07-31	497.38	502.50	481.58	486.26	000	486.26
2000-07-24	519.97	525.98	495.73	497.00	000	497.00
2000-07-17	545.54	546.90	517.95	519.97	000	519.97
2000-07-10	534.62	546.56	530.19	545.68	000	545.68
2000-07-03	496.90	538.30	496.90	534.51	000	534.51
2000-06-26	476.03	496.93	466.93	496.90	000	496.90
2000-06-20	485.78	488.39	473.57	476.03	000	476.03
2000-06-12	489.86	506.51	485.40	485.40	000	485.40
2000-06-05	500.01	503.39	477.79	490.07	000	490.07
2000-05-29	459.98	501.37	452.80	501.37	000	501.37
2000-05-22	427.66	457.67	413.22	457.67	000	457.67
2000-05-15	460.48	476.82	419.70	425.63	000	425.63
2000-05-08	486.77	487.25	453.15	460.13	000	460.13
2000-05-02	509.94	520.14	486.10	487.44	000	487.44
2000-04-24	507.56	520.74	500.72	509.51	000	509.51
2000-04-17	508.63	518.38	497.49	508.88	000	508.88
2000-04-10	577.65	578.37	507.30	509.28	000	509.28
2000-04-03	569.04	575.84	540.10	575.59	000	575.59
2000-03-27	608.71	610.08	566.73	569.24	000	569.24
2000-03-20	609.93	612.32	590.98	607.99	000	607.99
2000-03-13	609.36	617.93	597.94	606.17	000	606.17
2000-03-06	647.18	648.61	608.56	609.98	000	609.98
2000-02-28	636.19	647.77	625.44	645.29	000	645.29
2000-02-21	617.99	639.65	612.31	636.39	000	636.39
2000-02-14	637.30	638.21	616.66	618.70	000	618.70
2000-02-07	599.13	642.77	596.65	637.03	000	637.03
2000-01-31	568.36	603.01	558.25	599.13	000	599.13
2000-01-24	570.12	588.95	561.14	568.75	000	568.75
2000-01-17	568.96	588.39	561.03	570.00	000	570.00
2000-01-10	522.94	569.27	514.76	566.08	000	566.08
2000-01-03	550.28	559.95	516.90	522.12	000	522.12
1999-12-27	547.17	550.60	534.50	550.47	000	550.47
1999-12-20	551.45	556.78	544.22	547.33	000	547.33
1999-12-13	556.86	558.30	531.67	551.45	000	551.45
1999-12-06	560.50	561.53	545.19	556.86	000	556.86
1999-11-29	555.44	564.50	534.73	560.50	000	560.50
1999-11-22	525.58	555.44	525.58	555.44	000	555.44
1999-11-15	549.92	559.33	522.89	524.76	000	524.76
1999-11-08	566.00	578.01	548.74	549.92	000	549.92
1999-11-01	538.90	575.61	533.70	566.65	000	566.65
1999-10-25	545.82	550.63	535.14	538.69	000	538.69
1999-10-18	506.43	547.44	498.40	545.82	000	545.82
1999-10-12	537.52	537.52	500.56	507.54	000	507.54
1999-10-04	526.26	543.35	526.09	538.03	000	538.03
1999-09-27	506.62	541.34	506.62	525.91	000	525.91
1999-09-20	518.83	521.53	501.30	506.54	000	506.54
1999-09-13	525.02	532.02	515.13	518.60	000	518.60
1999-09-06	517.48	525.57	510.46	525.25	000	525.25
1999-08-30	507.42	523.85	498.63	517.48	000	517.48
1999-08-23	472.43	514.66	472.43	507.34	000	507.34
1999-08-17	478.96	481.97	468.44	472.43	000	472.43
1999-08-09	464.89	484.85	456.41	478.82	000	478.82
1999-08-02	475.65	477.27	453.03	464.89	000	464.89
1999-07-26	469.17	476.61	455.40	475.68	000	475.68
1999-07-19	492.97	500.86	465.85	469.33	000	469.33
1999-07-12	496.93	500.67	449.43	492.97	000	492.97
1999-07-05	523.98	531.28	495.18	496.93	000	496.93
1999-06-28	536.64	540.69	496.35	523.98	000	523.98
1999-06-22	526.36	547.78	526.36	535.80	000	535.80
1999-06-15	512.15	527.87	503.89	525.72	000	525.72
1999-06-07	527.09	531.89	510.33	512.05	000	512.05
1999-05-31	519.01	526.84	512.06	526.84	000	526.84
1999-05-24	511.36	526.41	492.92	518.76	000	518.76
1999-05-17	545.41	553.14	508.48	511.20	000	511.20
1999-05-10	590.14	592.13	532.89	546.05	000	546.05
1999-05-03	563.96	607.57	563.96	590.00	000	590.00
1999-04-26	510.52	575.70	499.24	563.67	000	563.67
1999-04-19	494.54	537.56	494.54	508.44	000	508.44
1999-04-12	444.14	493.87	435.55	493.87	000	493.87
1999-04-05	420.01	455.83	420.01	444.41	000	444.41
1999-03-29	406.68	424.76	406.68	419.78	000	419.78
1999-03-22	410.61	413.31	398.63	406.88	000	406.88
1999-03-15	408.67	421.39	408.33	410.04	000	410.04
1999-03-08	386.90	414.94	383.85	407.94	000	407.94
1999-03-01	380.88	390.89	372.47	387.41	000	387.41
1999-02-22	391.09	392.73	371.31	380.75	000	380.75
1999-02-15	387.38	395.53	380.50	391.09	000	391.09
1999-02-08	394.66	395.39	379.69	387.38	000	387.38
1999-02-01	372.21	407.44	371.48	394.44	000	394.44
1999-01-25	359.46	375.29	356.24	371.90	000	371.90
1999-01-18	383.34	390.16	345.54	359.46	000	359.46
1999-01-11	423.97	426.23	333.00	382.37	000	382.37
1999-01-04	430.06	451.97	421.88	426.81	000	426.81
1998-12-28	445.46	445.61	426.42	430.06	000	430.06
1998-12-21	424.65	444.88	424.52	443.69	000	443.69
1998-12-14	433.35	433.99	409.22	424.06	000	424.06
1998-12-07	451.04	454.25	427.01	435.18	000	435.18
1998-11-30	511.86	513.72	444.11	450.59	000	450.59
1998-11-23	503.28	524.67	493.57	517.54	000	517.54
1998-11-16	472.14	501.94	471.39	501.94	000	501.94
1998-11-09	493.72	493.72	463.32	472.08	000	472.08
1998-11-02	457.63	505.11	457.63	493.96	000	493.96
1998-10-26	455.42	462.09	434.95	457.46	000	457.46
1998-10-19	422.56	470.94	422.56	455.12	000	455.12
1998-10-13	385.67	433.08	385.67	422.25	000	422.25
1998-10-05	370.89	385.72	347.11	385.45	000	385.45
1998-09-28	389.52	406.30	350.94	374.10	000	374.10
1998-09-21	359.30	401.26	348.75	389.25	000	389.25
1998-09-14	321.99	382.40	321.99	359.34	000	359.34
1998-09-07	356.10	384.39	299.51	322.18	000	322.18
1998-08-31	365.04	405.56	345.59	354.96	000	354.96
1998-08-24	407.79	429.54	348.00	364.56	000	364.56
1998-08-18	482.49	482.49	399.80	407.22	000	407.22
1998-08-10	531.85	532.55	474.45	483.53	000	483.53
1998-08-03	588.66	588.83	528.82	532.93	000	532.93
1998-07-27	608.38	608.38	588.79	588.79	000	588.79
1998-07-20	628.73	634.89	598.57	609.24	000	609.24
1998-07-13	612.33	630.82	612.33	628.59	000	628.59
1998-07-08	614.77	617.47	608.96	612.80	000	612.80
1998-06-29	540.99	585.43	540.99	585.43	000	585.43
1998-06-22	561.51	563.72	539.34	540.56	000	540.56
1998-06-16	566.51	573.47	537.92	561.61	000	561.61
1998-06-08	614.78	614.78	551.35	566.59	000	566.59
1998-06-01	599.12	617.48	587.91	615.22	000	615.22
1998-05-26	626.40	626.40	588.49	602.01	000	602.01
1998-05-18	668.38	668.38	625.55	626.39	000	626.39
1998-05-11	694.35	695.92	664.35	669.00	000	669.00
1998-05-04	700.13	713.16	688.84	693.74	000	693.74
1998-04-27	701.21	705.00	671.82	698.90	000	698.90
1998-04-20	693.49	712.71	692.55	701.21	000	701.21
1998-04-13	660.92	697.58	657.64	693.22	000	693.22
1998-04-06	684.03	685.29	657.98	660.83	000	660.83
1998-03-30	710.04	720.73	681.88	683.95	000	683.95
1998-03-23	688.38	720.19	688.38	710.28	000	710.28
1998-03-16	675.50	688.19	664.89	688.19	000	688.19
1998-03-09	666.77	678.82	657.45	675.13	000	675.13
1998-03-02	687.43	690.12	661.64	666.96	000	666.96
1998-02-23	675.57	692.82	673.04	686.64	000	686.64
1998-02-16	674.46	682.56	662.95	675.33	000	675.33
1998-02-09	658.28	679.23	653.18	674.46	000	674.46
1998-02-02	614.71	671.56	614.71	658.00	000	658.00
1998-01-26	608.69	635.17	608.69	612.38	000	612.38
1998-01-19	614.70	628.87	607.24	608.90	000	608.90
1998-01-12	589.20	615.87	574.82	614.42	000	614.42
1998-01-06	679.85	679.92	589.05	590.17	000	590.17
1997-12-29	664.67	694.01	644.67	694.01	000	694.01
1997-12-22	645.62	650.16	640.38	644.34	000	644.34
1997-12-15	653.29	684.89	639.61	645.31	000	645.31
1997-12-09	724.09	724.09	644.56	653.29	000	653.29
1997-12-01	656.24	723.98	656.24	723.77	000	723.77
1997-11-24	649.41	659.04	617.29	655.60	000	655.60
1997-11-17	608.27	650.78	590.05	649.90	000	649.90
1997-11-10	652.00	652.00	556.72	606.27	000	606.27
1997-11-03	663.61	710.48	642.07	651.18	000	651.18
1997-10-27	777.59	777.59	628.70	660.24	000	660.24
1997-10-20	821.84	862.91	784.99	786.21	000	786.21
1997-10-13	825.50	840.50	812.40	821.60	000	821.60
1997-10-06	834.04	845.24	823.26	825.24	000	825.24
1997-09-29	826.30	838.79	821.58	834.09	000	834.09
1997-09-22	812.19	833.12	800.17	825.91	000	825.91
1997-09-15	816.02	832.04	800.90	812.32	000	812.32
1997-09-08	832.12	835.66	789.52	815.87	000	815.87
1997-09-01	830.90	841.74	806.22	831.97	000	831.97
1997-08-25	844.86	866.73	832.18	832.93	000	832.93
1997-08-19	838.35	869.45	838.35	843.80	000	843.80
1997-08-11	850.69	856.17	835.00	838.71	000	838.71
1997-08-04	840.02	860.22	822.59	850.73	000	850.73
1997-07-28	840.26	859.17	834.49	841.08	000	841.08
1997-07-21	802.11	845.01	784.28	841.19	000	841.19
1997-07-14	850.62	854.40	800.26	802.11	000	802.11
1997-07-07	838.14	857.32	838.14	850.62	000	850.62
1997-06-30	808.36	837.95	803.32	837.95	000	837.95
1997-06-23	821.93	830.16	808.48	809.93	000	809.93
1997-06-17	813.40	828.34	798.59	822.50	000	822.50
1997-06-10	803.61	815.34	798.45	813.40	000	813.40
1997-06-02	778.93	802.95	778.93	802.95	000	802.95
1997-05-26	767.67	780.65	757.75	778.08	000	778.08
1997-05-19	742.83	768.23	738.94	767.67	000	767.67
1997-05-12	723.68	745.08	722.54	743.03	000	743.03
1997-05-05	732.25	738.30	722.90	723.78	000	723.78
1997-04-28	715.87	733.60	713.24	732.30	000	732.30
1997-04-21	703.76	722.83	697.29	715.48	000	715.48
1997-04-14	684.18	716.52	670.86	703.85	000	703.85
1997-04-07	723.20	725.46	685.99	686.15	000	686.15
1997-03-31	737.57	737.96	702.36	722.42	000	722.42
1997-03-24	731.12	751.14	730.76	739.15	000	739.15
1997-03-17	711.44	732.10	696.29	730.41	000	730.41
1997-03-10	730.76	742.00	701.05	711.70	000	711.70
1997-03-03	717.06	735.79	703.90	730.36	000	730.36
1997-02-24	741.39	759.73	710.82	717.65	000	717.65
1997-02-17	725.39	740.86	725.39	740.86	000	740.86
1997-02-10	702.99	726.12	698.83	725.49	000	725.49
1997-02-03	693.06	710.73	690.25	702.99	000	702.99
1997-01-27	661.58	694.82	652.85	692.51	000	692.51
1997-01-20	681.25	693.08	658.84	661.95	000	661.95
1997-01-13	674.93	698.04	670.08	680.98	000	680.98
1997-01-06	651.83	674.93	651.83	670.93	000	670.93
1996-12-30	650.23	652.55	639.60	651.83	000	651.83
1996-12-23	628.15	657.49	628.15	650.23	000	650.23
1996-12-16	600.43	628.39	599.75	628.00	000	628.00
1996-12-09	626.59	634.26	592.44	600.43	000	600.43
1996-12-02	617.03	640.44	615.13	626.53	000	626.53
1996-11-25	607.06	618.13	600.67	617.03	000	617.03
1996-11-18	603.69	609.69	597.06	607.06	000	607.06
1996-11-11	579.59	609.20	578.58	603.21	000	603.21
1996-11-04	573.90	586.94	573.90	579.36	000	579.36
1996-10-28	559.57	574.30	559.57	573.90	000	573.90
1996-10-21	569.75	569.97	547.51	559.57	000	559.57
1996-10-14	584.29	584.58	560.44	569.65	000	569.65
1996-10-08	579.43	592.65	578.27	584.32	000	584.32